Id,Predicted
0, 0.31
1, 0.17
2, 0.50
3, 0.33
4, 0.97
5, 0.22
6, 0.65
7, 0.31
8, 0.41
9, 0.63
10, 0.48
11, 0.53
12, 0.35
13, 0.51
14, 0.90
15, 0.91
16, 0.89
17, 0.55
18, 0.51
19, 0.40
20, 0.43
21, 0.97
22, 0.48
23, 0.50
24, 0.55
25, 0.41
26, 0.61
27, 0.51
28, 0.58
29, 0.45
30, 0.55
31, 0.41
32, 0.52
33, 0.28
34, 0.60
35, 0.40
36, 0.42
37, 0.50
38, 0.51
39, 0.94
40, 0.53
41, 0.35
42, 0.54
43, 0.36
44, 0.80
45, 0.58
46, 0.46
47, 0.13
48, 0.41
49, 0.61
50, 0.26
51, 0.29
52, 0.03
53, 0.54
54, 0.38
55, 0.47
56, 0.52
57, 0.26
58, 0.23
59, 0.50
60, 0.62
61, 0.42
62, 0.21
63, 0.83
64, 0.95
65, 0.45
66, 0.76
67, 0.51
68, 0.06
69, 0.39
70, 0.58
71, 0.96
72, 0.92
73, 0.40
74, 0.01
75, 0.56
76, 0.51
77, 0.45
78, 0.44
79, 0.16
80, 0.50
81, 0.53
82, 0.56
83, 0.91
84, 0.66
85, 0.54
86, 0.51
87, 0.53
88, 0.40
89, 0.91
90, 0.44
91, 0.91
92, 0.47
93, 0.50
94, 0.89
95, 0.43
96, 0.20
97, 0.44
98, 1.00
99, 0.44
100, 0.51
101, 0.49
102, 0.13
103, 0.61
104, 0.53
105, 0.46
106, 0.46
107, 0.40
108, 0.44
109, 0.66
110, 0.20
111, 0.55
112, 0.38
113, 0.54
114, 0.48
115, 0.45
116, 0.49
117, 0.54
118, 0.04
119, 0.41
120, 0.19
121, 0.66
122, 0.42
123, 0.47
124, 0.47
125, 0.13
126, 0.61
127, 0.62
128, 0.69
129, 0.36
130, 0.18
131, 0.74
132, 0.23
133, 0.29
134, 0.48
135, 0.55
136, 0.21
137, 0.29
138, 0.48
139, 0.74
140, 0.40
141, 0.40
142, 0.54
143, 0.92
144, 0.97
145, 0.50
146, 0.50
147, 0.42
148, 0.45
149, 0.30
150, 0.32
151, 1.01
152, 0.17
153, 0.23
154, 0.48
155, 0.56
156, 0.28
157, 0.53
158, 0.53
159, 0.23
160, 0.47
161, 0.56
162, 0.73
163, 0.14
164, 0.59
165, 0.59
166, 0.22
167, 0.45
168, 0.99
169, 0.38
170, 0.34
171, 0.46
172, 0.82
173, 0.70
174, 0.33
175, 0.58
176, 0.32
177, 0.07
178, 0.56
179, 0.44
180, 0.38
181, 0.53
182, 0.83
183, 0.47
184, 0.19
185, 0.53
186, 0.49
187, 0.52
188, 0.69
189, 0.47
190, 0.61
191, 0.41
192, 0.50
193, 0.35
194, 0.34
195, 0.08
196, 0.53
197, 0.73
198, 0.12
199, 0.18
200, 0.38
201, 0.43
202, 0.44
203, 0.41
204, 0.72
205, 0.32
206, 0.15
207, 0.49
208, 0.92
209, 0.49
210, 0.34
211, 0.54
212, 0.39
213, 0.51
214, 0.36
215, 0.55
216, 0.51
217, 0.53
218, 0.51
219, 0.15
220, 0.08
221, 0.44
222, 0.28
223, 0.12
224, 0.55
225, 0.48
226, 0.38
227, 0.70
228, 0.48
229, 0.37
230, 0.18
231, 0.10
232, 0.45
233, 0.38
234, 0.25
235, 0.26
236, 0.46
237, 0.17
238, 0.57
239, 0.39
240, 0.36
241, 0.60
242, 0.15
243, 0.05
244, 0.45
245, 0.46
246, 0.54
247, 0.60
248, 0.47
249, 0.08
250, 0.95
251, 0.45
252, 0.52
253, 0.17
254, 0.45
255, 0.61
256, 0.49
257, 0.50
258, 0.60
259, 0.42
260, 0.09
261, 0.19
262, 0.21
263, 0.96
264, 0.49
265, 0.48
266, 0.43
267, 0.71
268, 0.40
269, 0.51
270, 0.47
271, 0.43
272, 0.48
273, 0.41
274, 0.67
275, 0.61
276, 0.46
277, 0.16
278, 0.62
279, 0.33
280, 0.97
281, 0.69
282, 0.97
283, 0.45
284, 0.61
285, 0.70
286, 0.45
287, 0.51
288, 0.94
289, 0.47
290, 0.46
291, 0.44
292, 0.89
293, 0.43
294, 0.13
295, 0.56
296, 0.28
297, 0.51
298, 0.34
299, 0.49
300, 0.42
301, 0.41
302, 0.29
303, 0.42
304, 0.57
305, 0.61
306, 0.46
307, 0.50
308, 0.49
309, 0.45
310, 0.56
311, 0.17
312, 1.00
313, 0.32
314, 0.43
315, 0.50
316, 0.46
317, 0.67
318, 0.38
319, 0.14
320, 0.34
321, 1.02
322, 0.07
323, 0.16
324, 0.60
325, 0.84
326, 0.63
327, 0.33
328, 0.39
329, 0.46
330, 0.21
331, 0.51
332, 0.13
333, 0.14
334, 0.84
335, 0.58
336, 0.35
337, 0.49
338, 0.47
339, 0.57
340, 0.47
341, 0.50
342, 0.41
343, 0.13
344, 0.95
345, 0.48
346, 0.24
347, 0.43
348, 0.30
349, 0.61
350, 0.73
351, 0.40
352, 0.65
353, 0.63
354, 0.51
355, 0.45
356, 0.39
357, 0.26
358, 0.38
359, 0.49
360, 0.40
361, 0.49
362, 0.42
363, 0.62
364, 0.46
365, 0.47
366, 0.50
367, 0.90
368, 0.50
369, 0.21
370, 0.39
371, 0.57
372, 0.45
373, 0.89
374, 0.95
375, 0.57
376, 0.53
377, 0.41
378, 0.53
379, 0.46
380, 0.53
381, 0.22
382, 0.17
383, 0.52
384, 0.42
385, 0.37
386, 0.24
387, 0.41
388, 0.55
389, 0.14
390, 0.91
391, 0.48
392, 0.57
393, 0.39
394, 0.51
395, 0.36
396, 0.54
397, 0.18
398, 0.50
399, 0.67
400, 0.58
401, 0.54
402, 0.56
403, 0.50
404, 0.36
405, 0.52
406, 0.18
407, 0.60
408, 0.52
409, 0.30
410, 0.20
411, 0.45
412, 0.45
413, 0.52
414, 0.12
415, 0.40
416, 0.33
417, 0.88
418, 0.51
419, 0.50
420, 0.58
421, 0.56
422, 0.42
423, 0.44
424, 0.93
425, 0.70
426, 0.56
427, 0.86
428, 1.02
429, 0.25
430, 0.46
431, 0.36
432, 0.45
433, 0.23
434, 0.98
435, 0.59
436, 0.61
437, 0.47
438, 0.47
439, 0.16
440, 0.94
441, 0.48
442, 0.20
443, 0.37
444, 0.55
445, 0.48
446, 0.48
447, 0.19
448, 0.43
449, 0.87
450, 0.51
451, 0.16
452, 0.61
453, 0.47
454, 0.37
455, 0.39
456, 0.40
457, 0.40
458, 0.54
459, 0.46
460, 0.67
461, 0.50
462, 0.55
463, 0.97
464, 1.00
465, 0.40
466, 0.50
467, 0.59
468, 0.89
469, 0.56
470, 0.39
471, 0.49
472, 0.25
473, 0.60
474, 0.93
475, 0.73
476, 1.01
477, 0.48
478, 0.20
479, 0.37
480, 0.47
481, 0.90
482, 0.97
483, 0.51
484, 0.29
485, 0.55
486, 0.35
487, 0.94
488, 0.32
489, 0.37
490, 0.23
491, 0.18
492, 0.44
493, 0.39
494, 0.37
495, 0.25
496, 0.23
497, 0.50
498, 0.74
499, 0.84
500, 0.76
501, 0.31
502, 0.23
503, 0.54
504, 0.59
505, 0.96
506, 0.53
507, 0.94
508, 0.49
509, 0.39
510, 0.61
511, 0.51
512, 0.43
513, 0.42
514, 0.43
515, 0.56
516, 0.32
517, 0.69
518, 0.40
519, 0.38
520, 0.21
521, 0.53
522, 0.22
523, 0.48
524, 0.64
525, 0.49
526, 0.37
527, 0.60
528, 0.54
529, 0.39
530, 0.50
531, 0.47
532, 0.35
533, 0.61
534, 0.39
535, 0.51
536, 0.40
537, 0.49
538, 0.53
539, 0.28
540, 0.99
541, 0.51
542, 0.50
543, 0.98
544, 0.44
545, 0.37
546, 0.88
547, 0.45
548, 0.39
549, 0.39
550, 0.33
551, 0.42
552, 0.96
553, 0.21
554, 0.50
555, 0.42
556, 0.11
557, 1.04
558, 0.67
559, 0.62
560, 0.49
561, 0.34
562, 0.74
563, 0.94
564, 0.37
565, 0.86
566, 0.42
567, 1.00
568, 0.47
569, 0.88
570, 0.49
571, 0.55
572, 0.51
573, 0.11
574, 0.51
575, 0.61
576, 0.61
577, 0.70
578, 0.49
579, 0.78
580, 0.48
581, 0.53
582, 0.40
583, 0.42
584, 0.31
585, 0.40
586, 0.18
587, 0.44
588, 0.23
589, 0.19
590, 0.41
591, 0.62
592, 0.52
593, 1.01
594, 0.52
595, 0.91
596, 0.35
597, 0.49
598, 0.52
599, 0.55
600, 0.60
601, 1.01
602, 0.63
603, 0.41
604, 0.63
605, 0.21
606, 0.35
607, 0.21
608, 0.95
609, 0.44
610, 0.56
611, 0.54
612, 0.40
613, 0.47
614, 0.54
615, 0.29
616, 0.35
617, 0.53
618, 0.32
619, 0.20
620, 0.48
621, 0.52
622, 0.44
623, 0.45
624, 0.35
625, 0.49
626, 0.37
627, 1.02
628, 0.46
629, 0.63
630, 0.40
631, 0.36
632, 0.22
633, 0.40
634, 0.87
635, 0.51
636, 1.10
637, 0.53
638, 0.26
639, 0.55
640, 0.46
641, 0.52
642, 0.53
643, 0.63
644, 0.57
645, 0.43
646, 0.38
647, 0.40
648, 0.89
649, 0.46
650, 0.34
651, 0.50
652, 0.69
653, 0.67
654, 0.92
655, 0.24
656, 0.55
657, 0.45
658, 0.21
659, 0.41
660, 0.91
661, 0.50
662, 0.55
663, 0.46
664, 0.32
665, 0.40
666, 0.42
667, 0.92
668, 0.56
669, 1.00
670, 0.45
671, 0.55
672, 0.96
673, 0.67
674, 0.46
675, 0.97
676, 0.18
677, 0.20
678, 0.23
679, 0.55
680, 0.96
681, 0.83
682, 0.48
683, 0.37
684, 0.60
685, 0.45
686, 0.47
687, 0.56
688, 0.33
689, 0.13
690, 0.63
691, 0.65
692, 0.54
693, 0.32
694, 0.67
695, 0.40
696, 0.58
697, 0.45
698, 0.35
699, 0.53
700, 0.33
701, 0.33
702, 0.42
703, 0.47
704, 0.34
705, 0.39
706, 0.37
707, 0.14
708, 0.36
709, 0.17
710, 0.90
711, 0.43
712, 0.56
713, 0.46
714, 0.51
715, 0.36
716, 0.28
717, 0.40
718, 0.47
719, 0.49
720, 0.08
721, 0.73
722, 0.21
723, 0.42
724, 0.31
725, 0.45
726, 0.51
727, 0.45
728, 0.39
729, 0.26
730, 0.40
731, 0.20
732, 0.44
733, 0.96
734, 0.28
735, 0.41
736, 0.53
737, 0.10
738, 0.51
739, 0.34
740, 0.55
741, 0.15
742, 0.47
743, 0.30
744, 0.91
745, 0.50
746, 0.34
747, 0.52
748, 0.30
749, 0.94
750, 0.54
751, 0.38
752, 0.60
753, 0.89
754, 0.50
755, 0.30
756, 0.57
757, 0.73
758, 0.15
759, 0.46
760, 0.00
761, 0.58
762, 0.44
763, 0.35
764, 0.37
765, 0.15
766, 0.77
767, 0.39
768, 0.19
769, 0.38
770, 0.57
771, 0.65
772, 0.45
773, 0.45
774, 0.50
775, 0.52
776, 0.61
777, 0.40
778, 0.66
779, 0.51
780, 0.47
781, 0.65
782, 0.69
783, 0.42
784, 0.51
785, 0.40
786, 0.45
787, 0.38
788, 0.83
789, 0.20
790, 0.38
791, 0.61
792, 0.40
793, 0.41
794, 0.42
795, 0.58
796, 0.21
797, 0.52
798, 0.57
799, 0.91
800, 0.51
801, 0.74
802, 0.52
803, 0.93
804, 0.40
805, 0.41
806, 0.42
807, 0.61
808, 0.22
809, 0.08
810, 0.43
811, 0.60
812, 0.93
813, 0.13
814, 0.41
815, 0.29
816, 0.70
817, 0.28
818, 0.28
819, 0.41
820, 0.45
821, 0.18
822, 0.86
823, 0.42
824, 0.25
825, 0.22
826, 0.59
827, 0.59
828, 0.93
829, 0.48
830, 0.28
831, 0.59
832, 0.39
833, 0.48
834, 0.59
835, 0.44
836, 0.69
837, 0.39
838, 0.72
839, 0.46
840, 0.11
841, 0.48
842, 0.35
843, 0.62
844, 0.38
845, 0.46
846, 0.56
847, 0.07
848, 0.34
849, 0.53
850, 0.13
851, 0.49
852, 0.16
853, 0.57
854, 0.59
855, 1.03
856, 0.42
857, 0.41
858, 0.50
859, 0.71
860, 0.58
861, 0.41
862, 0.51
863, 0.48
864, 0.57
865, 0.48
866, 0.50
867, 0.16
868, 0.38
869, 0.43
870, 0.19
871, 0.60
872, 0.97
873, 0.99
874, 0.15
875, 0.09
876, 0.38
877, 0.55
878, 0.45
879, 0.57
880, 0.57
881, 0.31
882, 0.40
883, 0.67
884, 0.30
885, 0.39
886, 0.95
887, 0.39
888, 0.59
889, 0.40
890, 0.89
891, 0.45
892, 0.57
893, 0.32
894, 0.92
895, 0.56
896, 0.46
897, 0.48
898, 0.45
899, 0.08
900, 0.49
901, 0.47
902, 0.59
903, 0.44
904, 0.93
905, 0.96
906, 0.45
907, 0.57
908, 0.17
909, 0.44
910, 0.87
911, 0.56
912, 0.26
913, 0.33
914, 0.24
915, 0.46
916, 0.56
917, 0.98
918, 0.49
919, 0.51
920, 0.38
921, 0.45
922, 0.41
923, 0.52
924, 0.69
925, 0.42
926, 0.36
927, 0.96
928, 0.11
929, 0.86
930, 0.43
931, 0.37
932, 0.37
933, 0.58
934, 0.51
935, 0.30
936, 0.58
937, 0.35
938, 0.45
939, 0.78
940, 0.54
941, 0.16
942, 0.43
943, 0.47
944, 0.40
945, 0.35
946, 0.55
947, 0.91
948, 0.18
949, 0.25
950, 0.49
951, 0.58
952, 0.35
953, 0.56
954, 0.37
955, 0.36
956, 0.47
957, 0.50
958, 0.48
959, 0.18
960, 0.38
961, 0.66
962, 0.40
963, 0.74
964, 0.48
965, 0.39
966, 0.38
967, 0.44
968, 0.35
969, 0.52
970, 0.39
971, 0.22
972, 0.48
973, 0.16
974, 0.59
975, 0.54
976, 0.55
977, 0.47
978, 0.39
979, 0.60
980, 0.43
981, 0.49
982, 0.52
983, 0.60
984, 0.37
985, 0.45
986, 0.26
987, 0.49
988, 0.62
989, 0.45
990, 0.19
991, 0.24
992, 0.36
993, 0.43
994, 0.22
995, 0.46
996, 0.57
997, 0.50
998, 0.32
999, 0.51
1000, 0.48
1001, 0.47
1002, 0.36
1003, 0.49
1004, 0.98
1005, 0.28
1006, 0.30
1007, 0.93
1008, 0.52
1009, 0.40
1010, 0.44
1011, 0.38
1012, 0.64
1013, 0.46
1014, 0.05
1015, 0.41
1016, 0.56
1017, 0.42
1018, 0.51
1019, 0.63
1020, 0.20
1021, 0.65
1022, 0.51
1023, 0.51
1024, 0.48
1025, 0.37
1026, 0.88
1027, 0.54
1028, 0.91
1029, 0.55
1030, 0.01
1031, 1.04
1032, 0.55
1033, 0.47
1034, 0.49
1035, 0.82
1036, 0.45
1037, 0.46
1038, 0.50
1039, 0.51
1040, 0.52
1041, 0.58
1042, 0.97
1043, 0.43
1044, 0.46
1045, 0.54
1046, 0.38
1047, 0.37
1048, 0.39
1049, 0.32
1050, 0.43
1051, 0.68
1052, 0.62
1053, 0.26
1054, 0.15
1055, 0.97
1056, 0.13
1057, 0.39
1058, 0.51
1059, 0.46
1060, 0.57
1061, 0.42
1062, 0.54
1063, 0.46
1064, 0.97
1065, 0.42
1066, 1.06
1067, 0.38
1068, 0.23
1069, 0.55
1070, 0.83
1071, 0.50
1072, 0.52
1073, 0.56
1074, 0.09
1075, 0.17
1076, 0.36
1077, 0.50
1078, 0.33
1079, 0.23
1080, 0.09
1081, 0.45
1082, 0.49
1083, 0.92
1084, 0.67
1085, 0.66
1086, 0.44
1087, 0.49
1088, 0.50
1089, 0.54
1090, 0.47
1091, 0.46
1092, 0.34
1093, 0.43
1094, 0.49
1095, 0.35
1096, 0.43
1097, 0.51
1098, 0.68
1099, 0.41
1100, 0.52
1101, 0.24
1102, 0.62
1103, 0.48
1104, 0.48
1105, 0.46
1106, 0.34
1107, 0.48
1108, 0.42
1109, 0.21
1110, 0.50
1111, 0.32
1112, 0.51
1113, 0.49
1114, 0.78
1115, 0.66
1116, 0.55
1117, 0.37
1118, 0.63
1119, 0.73
1120, 0.89
1121, 0.35
1122, 0.43
1123, 0.54
1124, 0.91
1125, 0.31
1126, 0.44
1127, 0.40
1128, 0.67
1129, 0.10
1130, 0.45
1131, 0.46
1132, 0.58
1133, 0.49
1134, 0.37
1135, 0.33
1136, 0.45
1137, 0.41
1138, 0.44
1139, 0.42
1140, 0.87
1141, 0.22
1142, 0.23
1143, 0.59
1144, 0.56
1145, 0.48
1146, 0.42
1147, 0.18
1148, 0.98
1149, 1.00
1150, 0.42
1151, 0.42
1152, 0.88
1153, 0.11
1154, 0.11
1155, -0.02
1156, 0.16
1157, 0.35
1158, 0.40
1159, 0.55
1160, 0.50
1161, 0.52
1162, 0.43
1163, 0.43
1164, 0.46
1165, 0.97
1166, 0.42
1167, 0.52
1168, 0.57
1169, 0.55
1170, 0.43
1171, 0.49
1172, 0.95
1173, 0.50
1174, 0.95
1175, 0.57
1176, 0.52
1177, 0.40
1178, 0.42
1179, 0.46
1180, 0.44
1181, 0.47
1182, 0.32
1183, 0.52
1184, 0.85
1185, 0.52
1186, 0.96
1187, 0.82
1188, 0.36
1189, 0.55
1190, 0.47
1191, 1.01
1192, 0.40
1193, 0.53
1194, 0.48
1195, 0.58
1196, 0.40
1197, 0.51
1198, 0.46
1199, 0.96
1200, 0.42
1201, 0.35
1202, 0.46
1203, 0.93
1204, 0.42
1205, 0.49
1206, 0.49
1207, 0.40
1208, 0.31
1209, 0.25
1210, 0.40
1211, 0.70
1212, 0.52
1213, 0.53
1214, 0.36
1215, 0.51
1216, 0.55
1217, 0.31
1218, 0.37
1219, 0.42
1220, 0.16
1221, 0.93
1222, 0.51
1223, 0.59
1224, 0.73
1225, 0.40
1226, 0.45
1227, 0.11
1228, 0.55
1229, 0.49
1230, 0.54
1231, 0.54
1232, 0.64
1233, 0.26
1234, 0.63
1235, 0.40
1236, 0.52
1237, 0.49
1238, 0.54
1239, 0.19
1240, 0.46
1241, 0.14
1242, 0.52
1243, 0.77
1244, 0.45
1245, 0.50
1246, 0.47
1247, 0.11
1248, 0.75
1249, 0.50
1250, 0.60
1251, 0.58
1252, 0.62
1253, 0.56
1254, 0.40
1255, 0.51
1256, 1.04
1257, 0.95
1258, 0.59
1259, 0.39
1260, 0.25
1261, 0.64
1262, 0.46
1263, 0.29
1264, 0.47
1265, 0.54
1266, 0.64
1267, 0.44
1268, 0.57
1269, 0.44
1270, 0.26
1271, 0.46
1272, 0.48
1273, 0.96
1274, 0.51
1275, 0.45
1276, 0.51
1277, 0.38
1278, 0.47
1279, 0.92
1280, 0.37
1281, 0.52
1282, 0.43
1283, 0.50
1284, 0.55
1285, 0.87
1286, 0.82
1287, 0.69
1288, 0.50
1289, 0.44
1290, 0.51
1291, 0.95
1292, 0.37
1293, 0.94
1294, 0.51
1295, 0.54
1296, 0.48
1297, 0.63
1298, 0.35
1299, 0.45
1300, 0.39
1301, 0.65
1302, 0.17
1303, 0.47
1304, 0.28
1305, 0.55
1306, 1.01
1307, 0.47
1308, 0.45
1309, 0.29
1310, 0.33
1311, 0.42
1312, 0.15
1313, 0.45
1314, 0.29
1315, 0.99
1316, 0.33
1317, 0.08
1318, 0.52
1319, 0.55
1320, 0.47
1321, 0.43
1322, 0.21
1323, 0.56
1324, 0.52
1325, 0.60
1326, 0.45
1327, 0.34
1328, 0.83
1329, 0.83
1330, 0.40
1331, 0.55
1332, 0.94
1333, 0.37
1334, 0.55
1335, 0.61
1336, 0.43
1337, 0.38
1338, 0.53
1339, 0.99
1340, 0.50
1341, 0.20
1342, 0.41
1343, 0.61
1344, 0.48
1345, 0.94
1346, 0.39
1347, 0.43
1348, 0.30
1349, 0.46
1350, 0.44
1351, 0.27
1352, 0.10
1353, 0.39
1354, 0.67
1355, 0.44
1356, 0.29
1357, 0.42
1358, 0.71
1359, 0.36
1360, 0.42
1361, 0.41
1362, 0.96
1363, 0.50
1364, 0.44
1365, 0.39
1366, 0.43
1367, 0.90
1368, 0.40
1369, 0.54
1370, 1.01
1371, 0.25
1372, 0.52
1373, 0.20
1374, 0.22
1375, 0.99
1376, 0.54
1377, 0.10
1378, 0.54
1379, 0.53
1380, 0.47
1381, 0.52
1382, 0.27
1383, 0.41
1384, 0.65
1385, 0.63
1386, 0.53
1387, 0.42
1388, 0.44
1389, 0.36
1390, 0.59
1391, 0.90
1392, 0.54
1393, 0.56
1394, 0.94
1395, 0.47
1396, 0.58
1397, 0.12
1398, 0.46
1399, 0.34
1400, 0.44
1401, 0.48
1402, 0.46
1403, 0.26
1404, 0.16
1405, 0.11
1406, 0.37
1407, 0.58
1408, 0.51
1409, 0.61
1410, 0.91
1411, 0.44
1412, 0.97
1413, 0.57
1414, 0.60
1415, 0.16
1416, 0.46
1417, 0.46
1418, 0.37
1419, 0.40
1420, 0.52
1421, 0.33
1422, 0.44
1423, 0.39
1424, 0.43
1425, 0.51
1426, 0.52
1427, 0.55
1428, 0.55
1429, 0.14
1430, 0.59
1431, 0.48
1432, 0.52
1433, 0.44
1434, 0.63
1435, 0.18
1436, 0.38
1437, 0.53
1438, 0.20
1439, 0.69
1440, 0.41
1441, 0.43
1442, 0.50
1443, 0.31
1444, 0.57
1445, 0.29
1446, 0.18
1447, 0.02
1448, 0.18
1449, 0.30
1450, 0.54
1451, 0.59
1452, 0.81
1453, 0.94
1454, 0.29
1455, 0.53
1456, 0.40
1457, 0.46
1458, 0.09
1459, 0.47
1460, 0.43
1461, 0.20
1462, 0.41
1463, 0.07
1464, 0.53
1465, 0.22
1466, 0.60
1467, 0.05
1468, 0.58
1469, 0.56
1470, 0.45
1471, 0.42
1472, 0.16
1473, 0.22
1474, 0.43
1475, 0.92
1476, 0.36
1477, 0.59
1478, 0.10
1479, 0.40
1480, 0.80
1481, 0.59
1482, 0.43
1483, 0.62
1484, 0.45
1485, 0.47
1486, 0.49
1487, 0.97
1488, 0.15
1489, 0.68
1490, 0.16
1491, 0.45
1492, 0.68
1493, 0.43
1494, 0.66
1495, 0.97
1496, 0.42
1497, 0.70
1498, 0.04
1499, 0.42
1500, 0.34
1501, 0.43
1502, 0.32
1503, 0.61
1504, 0.46
1505, 0.62
1506, 0.52
1507, 0.62
1508, 0.63
1509, 0.48
1510, 0.59
1511, 0.57
1512, 0.28
1513, 0.31
1514, 0.29
1515, 0.49
1516, 0.45
1517, 0.53
1518, 0.62
1519, 0.17
1520, 0.11
1521, 0.19
1522, 0.46
1523, 0.14
1524, 0.41
1525, 0.60
1526, 0.28
1527, 0.16
1528, 0.64
1529, 0.63
1530, 0.35
1531, 0.91
1532, 0.20
1533, 0.80
1534, 0.50
1535, 0.67
1536, 0.43
1537, 0.70
1538, 0.96
1539, 0.50
1540, 0.43
1541, 1.01
1542, 0.60
1543, 0.32
1544, 0.42
1545, 0.54
1546, 0.62
1547, 0.50
1548, 0.50
1549, 0.58
1550, 0.20
1551, 0.31
1552, 0.48
1553, 0.36
1554, 0.45
1555, 0.12
1556, 0.43
1557, 1.06
1558, 0.42
1559, 0.44
1560, 0.95
1561, 0.39
1562, 0.23
1563, 0.14
1564, 1.04
1565, 0.86
1566, 0.53
1567, 0.60
1568, 0.46
1569, 0.88
1570, 0.53
1571, 0.89
1572, 0.98
1573, 0.11
1574, 0.23
1575, 0.39
1576, 0.88
1577, 1.03
1578, 0.99
1579, 0.36
1580, 0.21
1581, 0.30
1582, 0.30
1583, 0.63
1584, 0.07
1585, 0.42
1586, 0.12
1587, 0.45
1588, 0.57
1589, 0.77
1590, 0.48
1591, 1.00
1592, 0.56
1593, 0.43
1594, 0.41
1595, 0.19
1596, 0.55
1597, 0.57
1598, 0.74
1599, 0.54
1600, 0.13
1601, 0.35
1602, 0.79
1603, 0.55
1604, 0.46
1605, 0.20
1606, 0.53
1607, 0.52
1608, 0.44
1609, 0.41
1610, 0.61
1611, 0.57
1612, 0.27
1613, 0.24
1614, 0.78
1615, 0.97
1616, 0.54
1617, 0.54
1618, 0.81
1619, 0.46
1620, 1.01
1621, 0.49
1622, 0.90
1623, 0.47
1624, 0.72
1625, 0.53
1626, 0.42
1627, 0.56
1628, 0.64
1629, 0.57
1630, 0.73
1631, 0.45
1632, 0.44
1633, 0.34
1634, 0.55
1635, 0.40
1636, 0.98
1637, 0.61
1638, 0.49
1639, 0.17
1640, 0.16
1641, 0.47
1642, 0.90
1643, 0.57
1644, 0.56
1645, 0.39
1646, 0.16
1647, 1.06
1648, 0.65
1649, 0.14
1650, 0.45
1651, 0.44
1652, 0.11
1653, 1.05
1654, 0.12
1655, 0.55
1656, 0.26
1657, 0.36
1658, 0.39
1659, 0.66
1660, 0.55
1661, 0.14
1662, 0.51
1663, 0.57
1664, 0.50
1665, 0.88
1666, 0.40
1667, 0.56
1668, 0.17
1669, 0.51
1670, 0.51
1671, 1.00
1672, 0.40
1673, 0.48
1674, 0.54
1675, 0.14
1676, 0.43
1677, 0.70
1678, 0.47
1679, 0.82
1680, 0.47
1681, 0.65
1682, 0.93
1683, 0.34
1684, 0.38
1685, 0.73
1686, 0.65
1687, 0.51
1688, 0.19
1689, 0.42
1690, 0.61
1691, 0.57
1692, 0.35
1693, 0.16
1694, 0.56
1695, 0.52
1696, 0.52
1697, 1.03
1698, 0.37
1699, 0.49
1700, 0.41
1701, 0.57
1702, 0.70
1703, 0.99
1704, 0.30
1705, 0.44
1706, 0.90
1707, 0.38
1708, 0.45
1709, 0.55
1710, 0.17
1711, 0.54
1712, 0.51
1713, 0.53
1714, 0.53
1715, 0.93
1716, 0.74
1717, 0.51
1718, 0.19
1719, 0.29
1720, 0.50
1721, 0.43
1722, 0.45
1723, 0.38
1724, 0.48
1725, 0.59
1726, 0.82
1727, 0.44
1728, 0.57
1729, 0.89
1730, 0.36
1731, 0.41
1732, 0.51
1733, 0.61
1734, 0.40
1735, 0.51
1736, 0.59
1737, 0.13
1738, 1.01
1739, 0.36
1740, 1.01
1741, 0.61
1742, 0.49
1743, 0.33
1744, 0.38
1745, 0.48
1746, 0.45
1747, 0.42
1748, 0.44
1749, 0.44
1750, 0.67
1751, 0.30
1752, 0.39
1753, 0.62
1754, 0.89
1755, 0.70
1756, 0.30
1757, 0.87
1758, 0.40
1759, 0.68
1760, 0.45
1761, 0.69
1762, 0.44
1763, 0.52
1764, 0.61
1765, 0.57
1766, 0.61
1767, 0.85
1768, 0.33
1769, 0.60
1770, 0.35
1771, 0.42
1772, 0.48
1773, 0.49
1774, 0.40
1775, 0.44
1776, 0.45
1777, 0.47
1778, 0.60
1779, 0.44
1780, 1.03
1781, 0.53
1782, 0.40
1783, 0.46
1784, 0.29
1785, 0.45
1786, 0.50
1787, 0.86
1788, 0.51
1789, 0.44
1790, 0.53
1791, 0.21
1792, 0.54
1793, 0.48
1794, 0.42
1795, 0.07
1796, 0.32
1797, 0.62
1798, 0.16
1799, 0.38
1800, 0.93
1801, 0.47
1802, 0.46
1803, 0.74
1804, 0.35
1805, 0.41
1806, 1.01
1807, 0.56
1808, 0.51
1809, 0.52
1810, 0.55
1811, 0.48
1812, 0.51
1813, 0.61
1814, 0.42
1815, 0.55
1816, 0.24
1817, 0.52
1818, 0.61
1819, 0.41
1820, 0.52
1821, 0.56
1822, 0.34
1823, 0.19
1824, 0.45
1825, 0.45
1826, 0.43
1827, 0.43
1828, 0.14
1829, 0.55
1830, 0.48
1831, 0.48
1832, 0.21
1833, 0.99
1834, 0.43
1835, 0.28
1836, 0.77
1837, 0.48
1838, 0.44
1839, 0.24
1840, 0.37
1841, 0.44
1842, 0.36
1843, 0.17
1844, 0.45
1845, 0.50
1846, 0.82
1847, 0.33
1848, 0.46
1849, 0.34
1850, 0.40
1851, 0.48
1852, 0.47
1853, 0.58
1854, 0.55
1855, 0.38
1856, 0.64
1857, 0.23
1858, 0.24
1859, 0.54
1860, 0.20
1861, 0.43
1862, 0.84
1863, 0.03
1864, 0.36
1865, 0.52
1866, 0.52
1867, 0.56
1868, 0.42
1869, 0.52
1870, 0.27
1871, 0.45
1872, 0.50
1873, 0.56
1874, 0.45
1875, 0.76
1876, 1.00
1877, 0.50
1878, 0.43
1879, 0.72
1880, 0.94
1881, 0.89
1882, 0.64
1883, 0.21
1884, 0.58
1885, 0.12
1886, 0.42
1887, 0.20
1888, 0.43
1889, 0.53
1890, 0.53
1891, 0.57
1892, 0.90
1893, 0.51
1894, 0.25
1895, 0.67
1896, 0.34
1897, 0.40
1898, 0.38
1899, 0.83
1900, 0.47
1901, 0.43
1902, 0.93
1903, 0.58
1904, 0.44
1905, 0.71
1906, 0.51
1907, 0.96
1908, 0.62
1909, 0.57
1910, 0.40
1911, 0.40
1912, 1.02
1913, 0.60
1914, 0.50
1915, 0.40
1916, 0.48
1917, 0.53
1918, 0.20
1919, 0.84
1920, 0.44
1921, 0.98
1922, 0.62
1923, 0.41
1924, 0.92
1925, 0.25
1926, 0.45
1927, 0.49
1928, 0.43
1929, 0.39
1930, 0.16
1931, 0.40
1932, 0.16
1933, 0.50
1934, 0.56
1935, 0.42
1936, 0.48
1937, 0.53
1938, 0.54
1939, 0.45
1940, 0.50
1941, 0.39
1942, 0.50
1943, 0.69
1944, 1.00
1945, 0.34
1946, 0.78
1947, 0.21
1948, 0.40
1949, 0.93
1950, 0.36
1951, 0.62
1952, 0.56
1953, 0.77
1954, 0.53
1955, 0.46
1956, 0.60
1957, 0.49
1958, 0.44
1959, 0.61
1960, 0.25
1961, 0.95
1962, 0.78
1963, 0.59
1964, 0.65
1965, 0.44
1966, 0.27
1967, 0.63
1968, 0.22
1969, 0.60
1970, 0.92
1971, 0.55
1972, 0.96
1973, 0.41
1974, 0.44
1975, 0.62
1976, 0.28
1977, 0.53
1978, 0.44
1979, 0.65
1980, 0.43
1981, 0.50
1982, 0.38
1983, 0.37
1984, 0.46
1985, 0.44
1986, 0.92
1987, 0.23
1988, 0.52
1989, 0.52
1990, 0.57
1991, 0.47
1992, 0.80
1993, 0.61
1994, 0.70
1995, 0.55
1996, 0.51
1997, 0.46
1998, 0.72
1999, 0.38
2000, 0.47
2001, -0.02
2002, 0.42
2003, 0.40
2004, 1.09
2005, 0.93
2006, 0.62
2007, 0.70
2008, 0.32
2009, 0.45
2010, 1.00
2011, 0.57
2012, 0.40
2013, 0.46
2014, 0.64
2015, 0.65
2016, 0.55
2017, 0.34
2018, 0.69
2019, 0.35
2020, 0.28
2021, 0.50
2022, 0.39
2023, 0.15
2024, 0.45
2025, 0.44
2026, 0.50
2027, 0.97
2028, 0.49
2029, 0.95
2030, 0.09
2031, 0.63
2032, 0.38
2033, 0.26
2034, 0.46
2035, 0.54
2036, 0.52
2037, 0.35
2038, 0.57
2039, 0.48
2040, 0.15
2041, 0.33
2042, 0.58
2043, 0.47
2044, 0.47
2045, 0.48
2046, 0.82
2047, 0.31
2048, 0.47
2049, 0.55
2050, 0.31
2051, 0.27
2052, 0.55
2053, 0.60
2054, 0.36
2055, 0.39
2056, 0.45
2057, 0.36
2058, 0.26
2059, 0.59
2060, 0.40
2061, 0.44
2062, 0.32
2063, 0.47
2064, 0.37
2065, 0.93
2066, 0.12
2067, 0.59
2068, 0.32
2069, 0.18
2070, 0.44
2071, 0.38
2072, 0.08
2073, 0.53
2074, 0.42
2075, 0.52
2076, 0.45
2077, 0.35
2078, 0.39
2079, 0.36
2080, 0.85
2081, 0.96
2082, 0.45
2083, 0.37
2084, 0.55
2085, 0.49
2086, 0.37
2087, 1.01
2088, 0.51
2089, 0.55
2090, 0.48
2091, 0.55
2092, 0.69
2093, 0.49
2094, 0.41
2095, 0.37
2096, 0.41
2097, 0.28
2098, 0.09
2099, 0.55
2100, 0.31
2101, 0.41
2102, 0.40
2103, 0.50
2104, 0.10
2105, 0.84
2106, 0.72
2107, 0.97
2108, 0.32
2109, 0.59
2110, 0.61
2111, 0.52
2112, 0.18
2113, 0.40
2114, 0.03
2115, 0.86
2116, 0.16
2117, 0.69
2118, 0.14
2119, 0.48
2120, 0.57
2121, 0.36
2122, 0.49
2123, 0.43
2124, 0.66
2125, 0.52
2126, 0.51
2127, 0.60
2128, 0.49
2129, 0.49
2130, 0.55
2131, 0.41
2132, 0.38
2133, 0.82
2134, 0.96
2135, 0.62
2136, 0.55
2137, 0.97
2138, 0.43
2139, 0.42
2140, 0.37
2141, 0.94
2142, 0.53
2143, 0.55
2144, 0.42
2145, 0.51
2146, 0.61
2147, 0.53
2148, 0.61
2149, 0.23
2150, 0.20
2151, 0.78
2152, 0.49
2153, 0.46
2154, 0.96
2155, 0.57
2156, 0.42
2157, 0.46
2158, 0.49
2159, 0.59
2160, 0.67
2161, 0.62
2162, 0.44
2163, 0.09
2164, 0.39
2165, 0.43
2166, 0.58
2167, 0.51
2168, 0.84
2169, 0.49
2170, 0.50
2171, 0.48
2172, 0.28
2173, 0.58
2174, 0.27
2175, 0.54
2176, 0.50
2177, 0.57
2178, 0.43
2179, 0.54
2180, 0.53
2181, 0.40
2182, 0.97
2183, 0.55
2184, 0.32
2185, 0.50
2186, 0.59
2187, 0.30
2188, 0.60
2189, 0.38
2190, 0.18
2191, 0.17
2192, 0.39
2193, 0.93
2194, 0.36
2195, 0.53
2196, 0.80
2197, 0.09
2198, 0.37
2199, 0.37
2200, 0.43
2201, 0.46
2202, 0.91
2203, 0.85
2204, 0.78
2205, 0.37
2206, 0.20
2207, 0.39
2208, 0.20
2209, 0.23
2210, 0.85
2211, 0.21
2212, 0.58
2213, 0.45
2214, 0.22
2215, 0.48
2216, 0.07
2217, 0.95
2218, 0.51
2219, 0.48
2220, 0.54
2221, 0.44
2222, 0.59
2223, 0.53
2224, 0.20
2225, 0.63
2226, 0.60
2227, 0.48
2228, 0.32
2229, 0.44
2230, 0.50
2231, 0.49
2232, 0.93
2233, 0.46
2234, 0.53
2235, 0.55
2236, 0.34
2237, 0.40
2238, 0.22
2239, 0.37
2240, 0.50
2241, 0.47
2242, 0.55
2243, 0.97
2244, 0.06
2245, 0.38
2246, 0.42
2247, 0.46
2248, 0.21
2249, 0.31
2250, 0.91
2251, 0.45
2252, 0.49
2253, 0.28
2254, 0.07
2255, 0.89
2256, 0.15
2257, 0.39
2258, 0.34
2259, 0.19
2260, 0.86
2261, 0.94
2262, 0.62
2263, 0.41
2264, 0.25
2265, 0.16
2266, 0.57
2267, 0.31
2268, 0.91
2269, 0.67
2270, 0.21
2271, 0.46
2272, 0.60
2273, 0.41
2274, 0.25
2275, 0.93
2276, 0.43
2277, 0.37
2278, 0.54
2279, 0.16
2280, 0.62
2281, 0.57
2282, 0.52
2283, 0.50
2284, 0.58
2285, 0.64
2286, 0.50
2287, 0.18
2288, 0.45
2289, 0.69
2290, 1.02
2291, 0.35
2292, 0.89
2293, 0.96
2294, 0.54
2295, 0.57
2296, 0.67
2297, 0.67
2298, 0.47
2299, 0.12
2300, 0.99
2301, 0.36
2302, 0.11
2303, 0.40
2304, 0.36
2305, 0.55
2306, 0.28
2307, 0.64
2308, 0.58
2309, 0.81
2310, 0.47
2311, 0.53
2312, 0.29
2313, 0.37
2314, 0.49
2315, 0.44
2316, 0.30
2317, 0.74
2318, 0.62
2319, 0.40
2320, 0.53
2321, 0.29
2322, 0.28
2323, 0.35
2324, 0.38
2325, 0.37
2326, 0.22
2327, 0.34
2328, 0.40
2329, 0.09
2330, 0.46
2331, 0.41
2332, 0.47
2333, 0.92
2334, 0.41
2335, 0.34
2336, 0.95
2337, 0.51
2338, 0.55
2339, 0.47
2340, 0.24
2341, 0.44
2342, 0.25
2343, 0.91
2344, 0.36
2345, 0.41
2346, 0.56
2347, 0.54
2348, 0.33
2349, 0.59
2350, 0.39
2351, 0.91
2352, 0.51
2353, 0.08
2354, 0.59
2355, 0.54
2356, 0.29
2357, 0.96
2358, 0.43
2359, 0.17
2360, 0.33
2361, 0.99
2362, 0.49
2363, 1.02
2364, 0.68
2365, 0.73
2366, 0.46
2367, 0.10
2368, 0.50
2369, 0.43
2370, 0.47
2371, 0.46
2372, 0.35
2373, 0.43
2374, 0.25
2375, 0.45
2376, 0.59
2377, 0.39
2378, 0.48
2379, 0.56
2380, 0.48
2381, 0.14
2382, 0.45
2383, 0.39
2384, 0.53
2385, 0.88
2386, 0.48
2387, 0.89
2388, 0.35
2389, 0.78
2390, 0.56
2391, 0.37
2392, 0.92
2393, 0.40
2394, 0.15
2395, 0.48
2396, 0.31
2397, 0.37
2398, 0.84
2399, 0.21
2400, 0.46
2401, 0.32
2402, 0.38
2403, 0.36
2404, 0.46
2405, 0.53
2406, 0.49
2407, 0.27
2408, 1.00
2409, 0.12
2410, 0.58
2411, 0.47
2412, 0.80
2413, 0.40
2414, 0.40
2415, 0.42
2416, 0.48
2417, 0.49
2418, 0.49
2419, 1.02
2420, 0.61
2421, 0.97
2422, 0.61
2423, 0.43
2424, 0.55
2425, 0.51
2426, 0.26
2427, 0.46
2428, 0.37
2429, 0.49
2430, 0.32
2431, 0.54
2432, 0.57
2433, 0.93
2434, 0.50
2435, 0.42
2436, 0.18
2437, 0.36
2438, 0.38
2439, 0.30
2440, 0.29
2441, 0.15
2442, 0.53
2443, 0.56
2444, 0.31
2445, 0.34
2446, 0.25
2447, 0.49
2448, 0.49
2449, 0.80
2450, 0.47
2451, 0.38
2452, 0.42
2453, 0.45
2454, 0.34
2455, 0.51
2456, 0.83
2457, 0.63
2458, 0.45
2459, 0.34
2460, 0.78
2461, 1.01
2462, 0.40
2463, 0.99
2464, 0.57
2465, 0.50
2466, 0.21
2467, 0.82
2468, 0.51
2469, 0.17
2470, 0.51
2471, 0.37
2472, 0.17
2473, 0.50
2474, 0.45
2475, 0.55
2476, 0.76
2477, 0.47
2478, 0.31
2479, 0.80
2480, 0.52
2481, 0.50
2482, 0.86
2483, 0.42
2484, 0.70
2485, 0.28
2486, 0.62
2487, 0.61
2488, 0.51
2489, 0.52
2490, 0.46
2491, 0.47
2492, 0.39
2493, 0.55
2494, 0.66
2495, 0.31
2496, 0.44
2497, 0.40
2498, 1.01
2499, 0.36
2500, 0.53
2501, 0.33
2502, 0.15
2503, 0.24
2504, 0.39
2505, 0.62
2506, 0.50
2507, 0.46
2508, 0.42
2509, 0.14
2510, 0.48
2511, 0.45
2512, 0.41
2513, 0.93
2514, 0.99
2515, 0.65
2516, 0.98
2517, 0.25
2518, 0.42
2519, 0.15
2520, 0.51
2521, 0.35
2522, 0.60
2523, 0.55
2524, 0.37
2525, 0.55
2526, 0.17
2527, 0.53
2528, 0.52
2529, 0.57
2530, 0.68
2531, 0.54
2532, 0.53
2533, 0.41
2534, 0.39
2535, 0.20
2536, 0.41
2537, 0.57
2538, 0.52
2539, 0.54
2540, 0.39
2541, 0.87
2542, 0.18
2543, 0.80
2544, 0.49
2545, 0.53
2546, 0.09
2547, 0.63
2548, 0.55
2549, 0.43
2550, 0.94
2551, 0.53
2552, 0.59
2553, 0.88
2554, 0.44
2555, 0.49
2556, 0.19
2557, 0.48
2558, 0.40
2559, 0.38
2560, 0.44
2561, 0.05
2562, 0.95
2563, 0.98
2564, 0.20
2565, 0.47
2566, 0.50
2567, 0.50
2568, 0.56
2569, 0.92
2570, 0.40
2571, 0.21
2572, 0.57
2573, 0.93
2574, 0.40
2575, 0.43
2576, 0.87
2577, 0.18
2578, 0.55
2579, 0.47
2580, 0.33
2581, 0.49
2582, 0.46
2583, 0.51
2584, 0.37
2585, 0.47
2586, 0.55
2587, 0.51
2588, 0.18
2589, 0.49
2590, 0.39
2591, 0.46
2592, 0.59
2593, 0.49
2594, 0.53
2595, 0.64
2596, 0.28
2597, 0.49
2598, 0.39
2599, 0.30
2600, 0.59
2601, 0.35
2602, 0.49
2603, 0.55
2604, 0.33
2605, 0.40
2606, 0.97
2607, 0.44
2608, 0.49
2609, 0.51
2610, 0.20
2611, 0.27
2612, 0.39
2613, 0.59
2614, 0.11
2615, 0.66
2616, 0.54
2617, 0.92
2618, 0.56
2619, 0.18
2620, 0.53
2621, 0.44
2622, 0.87
2623, 0.48
2624, 0.34
2625, 0.29
2626, 0.90
2627, 0.97
2628, 0.75
2629, 0.50
2630, 0.53
2631, 0.49
2632, 0.46
2633, 0.94
2634, 0.69
2635, 0.18
2636, 0.42
2637, 0.12
2638, 0.18
2639, 0.49
2640, 0.59
2641, 0.62
2642, 0.45
2643, 0.47
2644, 0.41
2645, 0.53
2646, 0.27
2647, 0.51
2648, 0.53
2649, 0.52
2650, 0.50
2651, 0.45
2652, 0.49
2653, 0.10
2654, 0.67
2655, 0.53
2656, 0.56
2657, 0.95
2658, 0.62
2659, 0.16
2660, 0.60
2661, 0.65
2662, 0.94
2663, 0.52
2664, 0.41
2665, 0.63
2666, 0.62
2667, 0.35
2668, 0.57
2669, 0.12
2670, 0.51
2671, 0.90
2672, 0.34
2673, 0.47
2674, 0.55
2675, 0.17
2676, 0.24
2677, 0.42
2678, 0.88
2679, 0.50
2680, 0.45
2681, 0.87
2682, 0.60
2683, 0.82
2684, 0.54
2685, 0.15
2686, 0.69
2687, 0.65
2688, 0.33
2689, 0.55
2690, 0.28
2691, 0.44
2692, 0.51
2693, 0.17
2694, 0.45
2695, 0.45
2696, 0.31
2697, 0.51
2698, 0.53
2699, 0.71
2700, 0.47
2701, 0.43
2702, 0.38
2703, 0.55
2704, 0.30
2705, 0.53
2706, 0.97
2707, 0.40
2708, 0.56
2709, 0.75
2710, 0.79
2711, 0.32
2712, 0.93
2713, 0.61
2714, 0.46
2715, 0.11
2716, 0.33
2717, 0.16
2718, 0.69
2719, 0.69
2720, 0.62
2721, 0.94
2722, 0.49
2723, 0.74
2724, 0.60
2725, 0.10
2726, 0.49
2727, 0.54
2728, 0.45
2729, 0.39
2730, 0.47
2731, 0.47
2732, 0.76
2733, 0.23
2734, 0.36
2735, 0.39
2736, 0.54
2737, 0.43
2738, 0.63
2739, 0.43
2740, 0.42
2741, 0.86
2742, 0.64
2743, 0.89
2744, 0.10
2745, 0.53
2746, 0.32
2747, 0.30
2748, 0.65
2749, 0.34
2750, 0.56
2751, 0.56
2752, 0.32
2753, 0.71
2754, 0.84
2755, 0.97
2756, 0.22
2757, 0.40
2758, 0.99
2759, 0.58
2760, 0.47
2761, 0.14
2762, 0.51
2763, 0.34
2764, 0.49
2765, 0.58
2766, 0.48
2767, 0.40
2768, 0.36
2769, 0.43
2770, 0.43
2771, 0.40
2772, 0.40
2773, 0.45
2774, 0.53
2775, 0.19
2776, 0.82
2777, 0.87
2778, 0.56
2779, 0.09
2780, 0.53
2781, 0.62
2782, 0.25
2783, 0.54
2784, 0.86
2785, 0.43
2786, 0.97
2787, 0.75
2788, 0.21
2789, 0.34
2790, 0.38
2791, 0.53
2792, 0.96
2793, 0.47
2794, 0.49
2795, 0.71
2796, 0.50
2797, 0.40
2798, 0.61
2799, 0.46
2800, 0.19
2801, 0.17
2802, 0.32
2803, 0.53
2804, 0.15
2805, 0.48
2806, 0.23
2807, 0.46
2808, 0.58
2809, 0.46
2810, 0.36
2811, 0.27
2812, 0.40
2813, 0.41
2814, 0.50
2815, 0.42
2816, 0.48
2817, 0.12
2818, 0.25
2819, 0.40
2820, 0.93
2821, 0.45
2822, 0.55
2823, 0.07
2824, 0.66
2825, 0.12
2826, 0.97
2827, 0.48
2828, 0.45
2829, 0.48
2830, 0.46
2831, 0.68
2832, 0.44
2833, 0.35
2834, 0.97
2835, 0.50
2836, 0.26
2837, 0.84
2838, 0.42
2839, 0.56
2840, 0.56
2841, 0.23
2842, 0.48
2843, 0.58
2844, 0.38
2845, 0.52
2846, 0.50
2847, 0.48
2848, 0.55
2849, 0.74
2850, 0.51
2851, 0.62
2852, 0.17
2853, 0.64
2854, 0.49
2855, 0.50
2856, 0.18
2857, 0.91
2858, 0.43
2859, 0.45
2860, 0.44
2861, 0.45
2862, 0.43
2863, 0.59
2864, 0.60
2865, 0.58
2866, 0.43
2867, 0.38
2868, 0.53
2869, 0.57
2870, 0.63
2871, 0.10
2872, 0.44
2873, 0.50
2874, 0.36
2875, 0.45
2876, 0.17
2877, 0.35
2878, 0.54
2879, 0.56
2880, 0.88
2881, 0.52
2882, 0.92
2883, 0.87
2884, 0.95
2885, 0.34
2886, 0.44
2887, 0.58
2888, 0.36
2889, 0.59
2890, 0.49
2891, 0.60
2892, 0.54
2893, 0.55
2894, 0.41
2895, 0.58
2896, 1.07
2897, 0.17
2898, 1.00
2899, 0.52
2900, 0.46
2901, 0.44
2902, 0.86
2903, 0.93
2904, 0.24
2905, 0.40
2906, 0.58
2907, 0.55
2908, 0.51
2909, 0.20
2910, 0.97
2911, 0.51
2912, 0.26
2913, 0.48
2914, 0.41
2915, 0.91
2916, 0.48
2917, 0.16
2918, 0.79
2919, 0.40
2920, 0.30
2921, 0.99
2922, 0.50
2923, 0.53
2924, 0.40
2925, 0.46
2926, 0.46
2927, 0.61
2928, 0.46
2929, 0.59
2930, 0.42
2931, 0.47
2932, 0.40
2933, 0.46
2934, 0.54
2935, 0.56
2936, 0.49
2937, 0.41
2938, 0.85
2939, 0.16
2940, 0.51
2941, 0.19
2942, 0.51
2943, 0.83
2944, 0.58
2945, 0.13
2946, 0.53
2947, 0.48
2948, 0.99
2949, 0.99
2950, 0.15
2951, 0.43
2952, 0.66
2953, 0.49
2954, 1.01
2955, 0.47
2956, 0.42
2957, 0.92
2958, 0.24
2959, 0.21
2960, 0.54
2961, 0.45
2962, 0.38
2963, 0.53
2964, 0.47
2965, 0.44
2966, 0.46
2967, 0.44
2968, 0.28
2969, 0.60
2970, 0.17
2971, 0.60
2972, 0.13
2973, 0.99
2974, 0.79
2975, 0.24
2976, 0.63
2977, 0.39
2978, 0.42
2979, 0.33
2980, 0.44
2981, 0.55
2982, 0.36
2983, 0.33
2984, 0.35
2985, 0.67
2986, 0.83
2987, 0.04
2988, 0.37
2989, 0.31
2990, 0.50
2991, 0.50
2992, 0.84
2993, 0.50
2994, 0.51
2995, 0.51
2996, 0.30
2997, 0.63
2998, 0.42
2999, 0.58
3000, 0.15
3001, 0.47
3002, 0.51
3003, 0.98
3004, 0.88
3005, 0.37
3006, 0.29
3007, 0.51
3008, 0.32
3009, 0.38
3010, 0.54
3011, 0.39
3012, 0.42
3013, 0.49
3014, 0.49
3015, 0.48
3016, 0.30
3017, 0.63
3018, 0.56
3019, 0.50
3020, 0.52
3021, 0.60
3022, 0.42
3023, 0.67
3024, 0.51
3025, 0.45
3026, 0.38
3027, 0.43
3028, 0.59
3029, 0.30
3030, 0.44
3031, 0.89
3032, 0.56
3033, 0.64
3034, 0.45
3035, 0.66
3036, 0.52
3037, 0.32
3038, 0.40
3039, 0.63
3040, 0.70
3041, 0.10
3042, 0.33
3043, 0.34
3044, 0.64
3045, 0.71
3046, 0.56
3047, 0.12
3048, 0.35
3049, 0.37
3050, 0.24
3051, 0.57
3052, 0.69
3053, 0.36
3054, -0.02
3055, 0.50
3056, 0.64
3057, 0.57
3058, 0.72
3059, 0.36
3060, 0.47
3061, 0.57
3062, 0.37
3063, 0.37
3064, 0.17
3065, 0.56
3066, 0.44
3067, 0.51
3068, 0.42
3069, 0.54
3070, 0.64
3071, 0.33
3072, 0.75
3073, 0.47
3074, 0.41
3075, 0.31
3076, 0.45
3077, 0.18
3078, 0.54
3079, 0.43
3080, 0.55
3081, 0.98
3082, 0.98
3083, 0.46
3084, 0.50
3085, 0.36
3086, 0.49
3087, 0.53
3088, 0.55
3089, 0.99
3090, 0.60
3091, 0.41
3092, 0.12
3093, 0.56
3094, 0.84
3095, 0.55
3096, 0.40
3097, 0.41
3098, 0.50
3099, 0.44
3100, 0.95
3101, 0.46
3102, 0.33
3103, 0.43
3104, 0.09
3105, 0.34
3106, 0.38
3107, 0.50
3108, 0.43
3109, 0.23
3110, 1.00
3111, 0.56
3112, 0.50
3113, 0.61
3114, 0.43
3115, 0.52
3116, 0.33
3117, 0.47
3118, 0.40
3119, 0.50
3120, 0.47
3121, 0.50
3122, 0.25
3123, 0.57
3124, 0.90
3125, 0.48
3126, 0.56
3127, 0.56
3128, 0.36
3129, 0.58
3130, 0.79
3131, 0.45
3132, 0.55
3133, 0.74
3134, 0.53
3135, 0.67
3136, 0.40
3137, 0.45
3138, 0.55
3139, 0.29
3140, 0.32
3141, 0.45
3142, 0.92
3143, 0.49
3144, 0.54
3145, 0.16
3146, 0.50
3147, 0.34
3148, 0.51
3149, 0.51
3150, 0.46
3151, 0.47
3152, 0.59
3153, 0.36
3154, 0.90
3155, 0.41
3156, 0.49
3157, 0.64
3158, 0.48
3159, 1.10
3160, 0.92
3161, 0.35
3162, 0.63
3163, 0.59
3164, 0.99
3165, 0.54
3166, 0.57
3167, 0.12
3168, 0.62
3169, 0.50
3170, 0.59
3171, 0.33
3172, 0.50
3173, 1.01
3174, 0.44
3175, 0.54
3176, 0.63
3177, 0.36
3178, 0.54
3179, 0.16
3180, 0.25
3181, 0.46
3182, 0.65
3183, 0.49
3184, 0.47
3185, 0.37
3186, 0.19
3187, 0.43
3188, 0.44
3189, 0.53
3190, 0.51
3191, 0.87
3192, 0.45
3193, 0.35
3194, 0.95
3195, 0.07
3196, 0.37
3197, 0.47
3198, 0.48
3199, 0.38
3200, 0.57
3201, 0.60
3202, 0.48
3203, 0.67
3204, 1.03
3205, 0.40
3206, 0.49
3207, 0.90
3208, 0.34
3209, 0.51
3210, 0.38
3211, 0.95
3212, 0.81
3213, 0.17
3214, 0.29
3215, 0.95
3216, 0.18
3217, 0.42
3218, 0.72
3219, 0.50
3220, 0.51
3221, 0.47
3222, 0.94
3223, 0.50
3224, 0.46
3225, 0.46
3226, 0.58
3227, 0.47
3228, 0.41
3229, 0.49
3230, 0.46
3231, 0.32
3232, 0.97
3233, 0.46
3234, 0.44
3235, 0.22
3236, 0.51
3237, 0.59
3238, 0.52
3239, 0.75
3240, 0.29
3241, 0.42
3242, 0.36
3243, 0.37
3244, 0.49
3245, 0.46
3246, 0.52
3247, 0.91
3248, 0.46
3249, 0.56
3250, 0.13
3251, 0.52
3252, 1.00
3253, 0.55
3254, 0.99
3255, 0.65
3256, 0.38
3257, 0.51
3258, 0.95
3259, 0.45
3260, 0.02
3261, 0.15
3262, 0.50
3263, 0.57
3264, 0.33
3265, 0.65
3266, 0.62
3267, 0.13
3268, 0.53
3269, 0.56
3270, 0.64
3271, 0.23
3272, 0.45
3273, 0.45
3274, 0.99
3275, 0.86
3276, 0.19
3277, 0.44
3278, 0.28
3279, 0.82
3280, 0.67
3281, 0.37
3282, 0.54
3283, 0.24
3284, 0.61
3285, 0.46
3286, 0.96
3287, 0.53
3288, 0.58
3289, 0.44
3290, 0.25
3291, 0.90
3292, 0.97
3293, 0.61
3294, 0.37
3295, 0.23
3296, 0.50
3297, 0.45
3298, 0.50
3299, 0.45
3300, 0.44
3301, 0.52
3302, 0.35
3303, 0.37
3304, 0.49
3305, 0.13
3306, 0.34
3307, 0.51
3308, 0.37
3309, 0.50
3310, 0.98
3311, 0.43
3312, 0.56
3313, 0.97
3314, 0.68
3315, 0.26
3316, 0.57
3317, 0.54
3318, 0.66
3319, 0.20
3320, 0.36
3321, 0.46
3322, 0.48
3323, 0.57
3324, 0.42
3325, 0.27
3326, 0.28
3327, 0.17
3328, 0.52
3329, 0.15
3330, 0.45
3331, 0.49
3332, 0.45
3333, 0.49
3334, 0.42
3335, 0.86
3336, 0.12
3337, 0.34
3338, 0.27
3339, 0.65
3340, 0.86
3341, 0.46
3342, 0.84
3343, 0.12
3344, 0.37
3345, 0.69
3346, 0.65
3347, 0.40
3348, 0.34
3349, 0.58
3350, 0.37
3351, 0.49
3352, 0.15
3353, 0.37
3354, 0.38
3355, 0.18
3356, 0.78
3357, 0.76
3358, -0.03
3359, 0.37
3360, 0.51
3361, 0.66
3362, 0.48
3363, 0.40
3364, 0.49
3365, 0.58
3366, 0.48
3367, 0.50
3368, 0.23
3369, 0.55
3370, 0.48
3371, 0.27
3372, 0.35
3373, 0.47
3374, 0.57
3375, 0.48
3376, 0.31
3377, 0.87
3378, 0.38
3379, 0.37
3380, 0.22
3381, 0.17
3382, 0.24
3383, 0.27
3384, 0.18
3385, 0.56
3386, 0.85
3387, 0.57
3388, 0.42
3389, 0.55
3390, 0.54
3391, 0.41
3392, 0.54
3393, 0.18
3394, 0.39
3395, 0.50
3396, 0.95
3397, 0.42
3398, 0.36
3399, 0.56
3400, 1.06
3401, 0.51
3402, 0.79
3403, 0.36
3404, 0.56
3405, 0.39
3406, 0.55
3407, 0.34
3408, 0.38
3409, 0.17
3410, 0.49
3411, 0.46
3412, 0.85
3413, 0.53
3414, 0.96
3415, 0.46
3416, 0.17
3417, 0.91
3418, 0.41
3419, 0.09
3420, 0.18
3421, 0.17
3422, 0.64
3423, 0.23
3424, 0.52
3425, 0.94
3426, 0.59
3427, 0.49
3428, 0.44
3429, 0.64
3430, 0.48
3431, 0.84
3432, 0.23
3433, 0.51
3434, 0.38
3435, 0.50
3436, 0.49
3437, 0.99
3438, 0.14
3439, 0.25
3440, 0.18
3441, 0.31
3442, 0.17
3443, 0.33
3444, 0.33
3445, 0.46
3446, 0.54
3447, 0.62
3448, 0.52
3449, 0.58
3450, 0.19
3451, 0.48
3452, 0.58
3453, 0.47
3454, 0.98
3455, 0.13
3456, 0.15
3457, 0.94
3458, 0.52
3459, 0.46
3460, 0.63
3461, 0.26
3462, 0.87
3463, 1.04
3464, 0.56
3465, 0.20
3466, 0.45
3467, 0.41
3468, 0.20
3469, 0.49
3470, 0.12
3471, 0.49
3472, 0.38
3473, 0.42
3474, 0.50
3475, 0.66
3476, 0.62
3477, 0.34
3478, 0.52
3479, 0.58
3480, 0.60
3481, 0.32
3482, 0.38
3483, 0.57
3484, 0.25
3485, 0.98
3486, 0.61
3487, 0.47
3488, 0.38
3489, 0.56
3490, 0.88
3491, 0.47
3492, 1.00
3493, 0.46
3494, 0.43
3495, 0.46
3496, 0.26
3497, 0.49
3498, 0.44
3499, 0.59
3500, 0.17
3501, 0.44
3502, 0.43
3503, 0.35
3504, 0.16
3505, 0.61
3506, 0.18
3507, 0.42
3508, 0.45
3509, 0.55
3510, 0.51
3511, 0.54
3512, 0.39
3513, 0.55
3514, 0.62
3515, 0.26
3516, 0.72
3517, 0.39
3518, 0.12
3519, 0.43
3520, 0.56
3521, 0.60
3522, 0.07
3523, 0.44
3524, 0.55
3525, 0.89
3526, 0.49
3527, 0.47
3528, 0.90
3529, 0.40
3530, 0.51
3531, 0.33
3532, 0.47
3533, 0.62
3534, 0.37
3535, 0.54
3536, 0.35
3537, 0.60
3538, 0.44
3539, 0.44
3540, 0.51
3541, 0.96
3542, 0.22
3543, 0.53
3544, 0.21
3545, 0.42
3546, 0.51
3547, 0.45
3548, 0.34
3549, 0.46
3550, 0.40
3551, 0.49
3552, 0.45
3553, 0.48
3554, 0.94
3555, 0.30
3556, 0.50
3557, 0.26
3558, 0.48
3559, 0.49
3560, 0.28
3561, 0.94
3562, 0.44
3563, 0.06
3564, 0.10
3565, 0.26
3566, 0.61
3567, 0.42
3568, 0.16
3569, 0.94
3570, 0.41
3571, 0.64
3572, 0.14
3573, 0.60
3574, 0.93
3575, 0.31
3576, 0.29
3577, 0.36
3578, 0.38
3579, 0.26
3580, 0.36
3581, 0.65
3582, 0.42
3583, 0.53
3584, 0.56
3585, 0.38
3586, 0.99
3587, 0.22
3588, 0.53
3589, 0.62
3590, 0.31
3591, 0.51
3592, 0.65
3593, 0.35
3594, 0.11
3595, 0.85
3596, 0.25
3597, 0.24
3598, 0.47
3599, 0.55
3600, 0.08
3601, 0.35
3602, 0.09
3603, 0.96
3604, 0.46
3605, 0.44
3606, 0.61
3607, 0.12
3608, 0.43
3609, 0.60
3610, 0.56
3611, 0.67
3612, 0.64
3613, 0.30
3614, 0.53
3615, 0.19
3616, 1.00
3617, 0.49
3618, 0.40
3619, 0.19
3620, 0.40
3621, 0.22
3622, 0.38
3623, 0.95
3624, 0.59
3625, 0.97
3626, 0.42
3627, 0.30
3628, 0.39
3629, 0.41
3630, 0.50
3631, 0.93
3632, 0.53
3633, 0.13
3634, 0.49
3635, 0.48
3636, 0.56
3637, 0.36
3638, 0.52
3639, 0.28
3640, 0.50
3641, 0.66
3642, 0.57
3643, 0.91
3644, 0.81
3645, 0.39
3646, 0.87
3647, 0.57
3648, 0.46
3649, 0.43
3650, 0.24
3651, 0.36
3652, 0.40
3653, 0.97
3654, 0.54
3655, 0.91
3656, 0.23
3657, 0.09
3658, 0.66
3659, 0.57
3660, 1.12
3661, 0.64
3662, 0.47
3663, 0.60
3664, 0.48
3665, 0.38
3666, 0.40
3667, 0.61
3668, 0.47
3669, 0.48
3670, 0.19
3671, 0.47
3672, 0.45
3673, 0.56
3674, 0.54
3675, 0.60
3676, 0.19
3677, 0.48
3678, 0.66
3679, 0.52
3680, 0.53
3681, 0.70
3682, 0.15
3683, 0.41
3684, 0.55
3685, 0.57
3686, 0.36
3687, 0.35
3688, 0.41
3689, 0.43
3690, 0.25
3691, 0.20
3692, 0.42
3693, 0.33
3694, 0.93
3695, 0.66
3696, 0.50
3697, 0.60
3698, 0.45
3699, 0.40
3700, 0.86
3701, 0.42
3702, 0.49
3703, 0.42
3704, 0.44
3705, 0.82
3706, 0.51
3707, 0.48
3708, 0.45
3709, 0.36
3710, 0.08
3711, 0.52
3712, 0.39
3713, 0.39
3714, 0.44
3715, 0.50
3716, 0.52
3717, 0.89
3718, 0.12
3719, 0.48
3720, 0.27
3721, 0.96
3722, 0.56
3723, 0.58
3724, 0.62
3725, 0.20
3726, 0.29
3727, 0.99
3728, 0.48
3729, 0.50
3730, 0.53
3731, 0.48
3732, 0.66
3733, 0.48
3734, 0.44
3735, 0.45
3736, 0.44
3737, 0.57
3738, 0.48
3739, 0.57
3740, 0.68
3741, 0.42
3742, 0.40
3743, 0.53
3744, 0.51
3745, 0.88
3746, 0.62
3747, 1.03
3748, 0.28
3749, 0.62
3750, 0.70
3751, 0.48
3752, 0.65
3753, 0.63
3754, 0.89
3755, 0.55
3756, 0.29
3757, 0.61
3758, 0.95
3759, 0.37
3760, 0.10
3761, 0.16
3762, 0.53
3763, 0.64
3764, 0.16
3765, 0.56
3766, 0.38
3767, 0.35
3768, 0.33
3769, 0.94
3770, 0.42
3771, 0.35
3772, 0.50
3773, 0.52
3774, 0.51
3775, 0.55
3776, 0.46
3777, 0.56
3778, 0.35
3779, 0.54
3780, 0.52
3781, 0.71
3782, 0.76
3783, 0.58
3784, 0.41
3785, 0.55
3786, 0.52
3787, 0.77
3788, 0.46
3789, 0.34
3790, 0.49
3791, 0.42
3792, 0.45
3793, 0.59
3794, 0.46
3795, 0.48
3796, 0.54
3797, 0.55
3798, 0.98
3799, 0.31
3800, 0.93
3801, 0.57
3802, 0.44
3803, 0.87
3804, 0.55
3805, 0.38
3806, 0.35
3807, 0.52
3808, 0.61
3809, 0.68
3810, 0.12
3811, 0.41
3812, 0.21
3813, 0.35
3814, 0.47
3815, 1.03
3816, 0.20
3817, 0.25
3818, 0.21
3819, 0.40
3820, 0.45
3821, 0.48
3822, 0.34
3823, 0.56
3824, 0.44
3825, 0.19
3826, 0.47
3827, 0.41
3828, 0.96
3829, 0.37
3830, 0.42
3831, 0.41
3832, 0.17
3833, 0.56
3834, 0.94
3835, 0.09
3836, 0.98
3837, 0.52
3838, 0.15
3839, 0.49
3840, 0.15
3841, 0.21
3842, 0.52
3843, 0.89
3844, 0.17
3845, 0.30
3846, 0.33
3847, 0.57
3848, 0.42
3849, 0.60
3850, 0.51
3851, 0.49
3852, 0.50
3853, 0.49
3854, 0.41
3855, 0.85
3856, 0.58
3857, 0.94
3858, 0.67
3859, 0.56
3860, 0.52
3861, 0.95
3862, 0.11
3863, 0.65
3864, 0.18
3865, 0.46
3866, 0.41
3867, 0.67
3868, 0.18
3869, 0.47
3870, 0.54
3871, 0.36
3872, 0.46
3873, 0.89
3874, 0.48
3875, 0.98
3876, 0.38
3877, 0.47
3878, 0.43
3879, 0.31
3880, 0.64
3881, 0.47
3882, 0.52
3883, 0.46
3884, 0.47
3885, 0.35
3886, 0.13
3887, 0.25
3888, 0.45
3889, 0.54
3890, 0.45
3891, 0.58
3892, 0.24
3893, 0.33
3894, 0.41
3895, 0.52
3896, 0.51
3897, 0.45
3898, 0.62
3899, 0.39
3900, 0.42
3901, 0.60
3902, 0.50
3903, 0.45
3904, 0.89
3905, 0.61
3906, 0.45
3907, 0.69
3908, 0.97
3909, 0.57
3910, 0.37
3911, 0.34
3912, 0.41
3913, 0.43
3914, 0.27
3915, 0.51
3916, 0.07
3917, 0.35
3918, 0.53
3919, 0.45
3920, 0.53
3921, 0.48
3922, 0.54
3923, 0.39
3924, 0.84
3925, 0.50
3926, 0.33
3927, 0.46
3928, 0.91
3929, 0.92
3930, 0.36
3931, 0.54
3932, 0.66
3933, 0.43
3934, 0.39
3935, 0.57
3936, 0.50
3937, 0.38
3938, 0.42
3939, 0.53
3940, 0.54
3941, 0.53
3942, 0.31
3943, 0.45
3944, 0.93
3945, 0.42
3946, 0.44
3947, 0.42
3948, 0.13
3949, 0.77
3950, 0.54
3951, 0.50
3952, 0.98
3953, 0.31
3954, 0.46
3955, 0.25
3956, 0.26
3957, 0.46
3958, 0.46
3959, 1.01
3960, 0.19
3961, 0.61
3962, 0.33
3963, 0.62
3964, 0.44
3965, 0.89
3966, 0.49
3967, 0.51
3968, 0.50
3969, 0.45
3970, 0.45
3971, 0.38
3972, 0.59
3973, 0.45
3974, 0.42
3975, 0.40
3976, 0.54
3977, 0.74
3978, 0.96
3979, 0.35
3980, 0.36
3981, 0.45
3982, 0.38
3983, 0.96
3984, 0.51
3985, 0.68
3986, 0.34
3987, 0.12
3988, 0.93
3989, 0.47
3990, 0.37
3991, 0.42
3992, 0.49
3993, 0.46
3994, 0.51
3995, 0.29
3996, 0.15
3997, 0.50
3998, 0.53
3999, 0.39
4000, 0.45
4001, 0.40
4002, 0.63
4003, 0.95
4004, 0.56
4005, 0.60
4006, 0.21
4007, 0.51
4008, 0.52
4009, 0.73
4010, 0.28
4011, 0.85
4012, 0.41
4013, 0.54
4014, 0.31
4015, 0.90
4016, 0.16
4017, 0.14
4018, 0.50
4019, 0.56
4020, 0.52
4021, 0.50
4022, 0.79
4023, 0.58
4024, 0.40
4025, 0.79
4026, 0.50
4027, 0.49
4028, 0.57
4029, 0.98
4030, 0.51
4031, 0.14
4032, 0.44
4033, 0.40
4034, 0.46
4035, 0.42
4036, 0.72
4037, 0.37
4038, 0.58
4039, 0.85
4040, 0.70
4041, 0.55
4042, 0.37
4043, 0.62
4044, 0.54
4045, 0.35
4046, 0.66
4047, 0.28
4048, 0.50
4049, 0.52
4050, 0.53
4051, 0.38
4052, 0.36
4053, 0.23
4054, 0.51
4055, 0.42
4056, 0.65
4057, 0.74
4058, 0.99
4059, 0.52
4060, 0.50
4061, 0.21
4062, 0.45
4063, 0.27
4064, 0.40
4065, 0.49
4066, 0.97
4067, 0.37
4068, 0.99
4069, 0.78
4070, 0.18
4071, 0.98
4072, 0.47
4073, 0.90
4074, 0.46
4075, 0.48
4076, 0.40
4077, 0.43
4078, 0.98
4079, 0.46
4080, 0.43
4081, 0.70
4082, 0.68
4083, 0.55
4084, 0.59
4085, 0.52
4086, 0.51
4087, 0.90
4088, 0.34
4089, 0.52
4090, 0.96
4091, 0.95
4092, 0.95
4093, 0.50
4094, 0.50
4095, 0.43
4096, 0.57
4097, 0.38
4098, 0.13
4099, 0.34
4100, 0.15
4101, 0.24
4102, 0.59
4103, 0.51
4104, 0.18
4105, 0.29
4106, 0.81
4107, 0.50
4108, 0.90
4109, 0.16
4110, 0.96
4111, 0.90
4112, 0.98
4113, 0.51
4114, 0.40
4115, 0.50
4116, 0.47
4117, 0.54
4118, 0.47
4119, 0.40
4120, 0.61
4121, 0.52
4122, 0.34
4123, 0.13
4124, 0.54
4125, 0.41
4126, 0.39
4127, 0.28
4128, 0.53
4129, 0.67
4130, 0.70
4131, 0.46
4132, 0.56
4133, 0.97
4134, 0.52
4135, 0.49
4136, 0.56
4137, 0.61
4138, 0.62
4139, 0.47
4140, 0.44
4141, 1.03
4142, 0.19
4143, 0.40
4144, 0.17
4145, 0.52
4146, 0.87
4147, 0.49
4148, 0.27
4149, 0.08
4150, 0.53
4151, 0.68
4152, 0.47
4153, 0.63
4154, 0.56
4155, 0.94
4156, 0.32
4157, 0.68
4158, 0.55
4159, 0.50
4160, 0.32
4161, 0.16
4162, 0.15
4163, 0.45
4164, 0.39
4165, 0.97
4166, 0.61
4167, 0.35
4168, 0.51
4169, 0.52
4170, 0.56
4171, 0.50
4172, 0.50
4173, 0.46
4174, 0.12
4175, 0.04
4176, 0.95
4177, 0.91
4178, 0.55
4179, 0.95
4180, 0.49
4181, 0.32
4182, 0.44
4183, 0.49
4184, 0.52
4185, 0.48
4186, 0.51
4187, 0.51
4188, 0.86
4189, 0.51
4190, 0.26
4191, 0.69
4192, 0.31
4193, 0.95
4194, 0.58
4195, 0.39
4196, 0.55
4197, 0.40
4198, 0.48
4199, 0.44
4200, 0.54
4201, 0.16
4202, 0.44
4203, 0.45
4204, 0.45
4205, 0.16
4206, 0.48
4207, 0.24
4208, 0.64
4209, 0.22
4210, 0.52
4211, 0.47
4212, 0.34
4213, 0.93
4214, 0.29
4215, 0.49
4216, 0.96
4217, 0.19
4218, 0.57
4219, 0.94
4220, 0.41
4221, 0.54
4222, 0.51
4223, 0.15
4224, 0.42
4225, 0.51
4226, 0.23
4227, 0.43
4228, 0.50
4229, 0.49
4230, 0.51
4231, 0.55
4232, 0.83
4233, 0.53
4234, 0.49
4235, 0.46
4236, 0.45
4237, 0.43
4238, 0.35
4239, 0.94
4240, 0.51
4241, 0.55
4242, 0.93
4243, 0.50
4244, 0.53
4245, 0.41
4246, 0.23
4247, 1.03
4248, 0.58
4249, 0.59
4250, 0.15
4251, 0.57
4252, 0.95
4253, 0.35
4254, 0.53
4255, 0.79
4256, 0.61
4257, 0.23
4258, 0.44
4259, 0.43
4260, 0.92
4261, 0.73
4262, 0.50
4263, 0.30
4264, 0.41
4265, 0.34
4266, 0.94
4267, 0.38
4268, 1.03
4269, 0.53
4270, 0.58
4271, 0.09
4272, 0.15
4273, 0.45
4274, 0.30
4275, 0.50
4276, 0.65
4277, 0.09
4278, 0.49
4279, 0.46
4280, 0.45
4281, 0.39
4282, 0.74
4283, 0.40
4284, 0.39
4285, 0.99
4286, 0.47
4287, 0.32
4288, 0.57
4289, 0.53
4290, 0.37
4291, 0.23
4292, 0.48
4293, 0.51
4294, 0.68
4295, 0.65
4296, 0.65
4297, 0.37
4298, 0.28
4299, 0.50
4300, 0.35
4301, 0.51
4302, 0.50
4303, 0.71
4304, 0.51
4305, 1.02
4306, 0.68
4307, 0.54
4308, 0.29
4309, 0.40
4310, 0.52
4311, 0.36
4312, 0.38
4313, 0.41
4314, 0.35
4315, 0.54
4316, 0.46
4317, 0.10
4318, 0.46
4319, 0.12
4320, 0.53
4321, 0.97
4322, 0.55
4323, 0.94
4324, 0.45
4325, 0.41
4326, 0.37
4327, 0.39
4328, 0.56
4329, 0.54
4330, 0.44
4331, 0.03
4332, 0.83
4333, 0.97
4334, 0.47
4335, 0.77
4336, 0.46
4337, 0.16
4338, 0.59
4339, 0.98
4340, 0.87
4341, 0.59
4342, 0.68
4343, 0.26
4344, 0.44
4345, 0.47
4346, 0.46
4347, 0.32
4348, 0.29
4349, 0.37
4350, 0.49
4351, 0.54
4352, 0.03
4353, 0.96
4354, 0.31
4355, 0.43
4356, 0.34
4357, 0.54
4358, 0.65
4359, 0.61
4360, 0.59
4361, 0.48
4362, 0.47
4363, 0.95
4364, 0.30
4365, 0.86
4366, 0.41
4367, 0.88
4368, 1.03
4369, 0.62
4370, 0.47
4371, 0.32
4372, 0.52
4373, 0.24
4374, 0.47
4375, 0.28
4376, 0.48
4377, 0.44
4378, 0.28
4379, 0.47
4380, 0.58
4381, 0.58
4382, 0.51
4383, 0.46
4384, 0.44
4385, 0.44
4386, 0.53
4387, 0.72
4388, 0.96
4389, 0.79
4390, 0.09
4391, 0.30
4392, 0.49
4393, 0.09
4394, 0.33
4395, 0.57
4396, 0.56
4397, 0.53
4398, 0.24
4399, 0.32
4400, 1.00
4401, 0.27
4402, 0.49
4403, 0.52
4404, 0.49
4405, 0.44
4406, 0.41
4407, 0.07
4408, 0.97
4409, 0.18
4410, 0.72
4411, 0.61
4412, 0.53
4413, 0.74
4414, 0.29
4415, 0.19
4416, 0.53
4417, 0.64
4418, 0.11
4419, 0.51
4420, 0.52
4421, 0.16
4422, 0.43
4423, 0.48
4424, 0.99
4425, 0.55
4426, 0.36
4427, 0.34
4428, 0.18
4429, 0.72
4430, 0.39
4431, 0.39
4432, 0.54
4433, 0.58
4434, 0.43
4435, 0.45
4436, 0.58
4437, 0.47
4438, 0.43
4439, 1.00
4440, 0.89
4441, 0.42
4442, 0.52
4443, 0.44
4444, -0.06
4445, 0.28
4446, 0.48
4447, 0.91
4448, 0.56
4449, 0.53
4450, 0.51
4451, 0.38
4452, 0.48
4453, 0.63
4454, 0.42
4455, 0.34
4456, 0.37
4457, 0.46
4458, 0.95
4459, 0.55
4460, 0.42
4461, 0.45
4462, 0.19
4463, 0.27
4464, 0.26
4465, 0.47
4466, 0.36
4467, 0.28
4468, 0.44
4469, 0.71
4470, 0.68
4471, 0.17
4472, 0.33
4473, 0.40
4474, 0.24
4475, 0.54
4476, 0.91
4477, 0.37
4478, 1.01
4479, 0.44
4480, 0.63
4481, 0.70
4482, 0.46
4483, 0.47
4484, 0.44
4485, 0.25
4486, 0.43
4487, 0.56
4488, 0.62
4489, 0.47
4490, 0.19
4491, 0.58
4492, 0.47
4493, 0.48
4494, 0.30
4495, 0.96
4496, 0.50
4497, 0.43
4498, 1.00
4499, 0.30
4500, 0.14
4501, 0.88
4502, 0.91
4503, 0.45
4504, 0.55
4505, 0.61
4506, 0.49
4507, 0.26
4508, 0.59
4509, 0.45
4510, 0.45
4511, 0.52
4512, 0.56
4513, 0.42
4514, 0.60
4515, 0.45
4516, 0.50
4517, 0.73
4518, 0.53
4519, 0.54
4520, 0.33
4521, 0.20
4522, 0.45
4523, 0.94
4524, 0.45
4525, 0.15
4526, 0.10
4527, 0.97
4528, 0.54
4529, 0.57
4530, 0.26
4531, 0.55
4532, 0.55
4533, 0.44
4534, 0.96
4535, 0.63
4536, 0.43
4537, 0.98
4538, 0.44
4539, 0.21
4540, 0.57
4541, 0.48
4542, 0.12
4543, 0.57
4544, 0.30
4545, 0.97
4546, 0.37
4547, 0.34
4548, 0.55
4549, 0.35
4550, 0.51
4551, 0.29
4552, 0.37
4553, 0.97
4554, 0.49
4555, 0.55
4556, 0.68
4557, 0.49
4558, 0.41
4559, 0.63
4560, 0.51
4561, 0.55
4562, 0.51
4563, 0.99
4564, 1.06
4565, 0.49
4566, 0.48
4567, 0.61
4568, 0.66
4569, 0.56
4570, 0.17
4571, 0.46
4572, 0.34
4573, 0.60
4574, 0.21
4575, 0.87
4576, 0.89
4577, 0.40
4578, 0.29
4579, 0.52
4580, 0.23
4581, 0.86
4582, 0.92
4583, 0.59
4584, 0.50
4585, 0.96
4586, 0.43
4587, 1.01
4588, 0.63
4589, 0.42
4590, 0.21
4591, 0.49
4592, 0.52
4593, 0.38
4594, 0.27
4595, 0.85
4596, 0.51
4597, 0.44
4598, 0.48
4599, 0.41
4600, 0.38
4601, -0.02
4602, 0.57
4603, 0.35
4604, 0.51
4605, 0.44
4606, 0.46
4607, 0.03
4608, 0.43
4609, 0.41
4610, -0.01
4611, 0.52
4612, 0.52
4613, 0.12
4614, 0.41
4615, 0.06
4616, 0.47
4617, 0.76
4618, 1.00
4619, 0.26
4620, 0.51
4621, 0.41
4622, 0.86
4623, 0.90
4624, 0.52
4625, 0.63
4626, 0.95
4627, -0.03
4628, 0.20
4629, 0.90
4630, 0.54
4631, 0.32
4632, 0.46
4633, 0.40
4634, 0.55
4635, 0.34
4636, 0.93
4637, 0.39
4638, 0.57
4639, 0.94
4640, 0.95
4641, 0.38
4642, 0.23
4643, 0.77
4644, 0.44
4645, 0.27
4646, 0.45
4647, 0.62
4648, 0.63
4649, 0.86
4650, 0.21
4651, 0.63
4652, 0.52
4653, 0.41
4654, 0.42
4655, 0.51
4656, 0.86
4657, 0.42
4658, 0.43
4659, 0.14
4660, 0.57
4661, 0.55
4662, 0.59
4663, 0.16
4664, 0.92
4665, 0.44
4666, 0.58
4667, 0.89
4668, 0.44
4669, 0.81
4670, 0.41
4671, 0.44
4672, 0.86
4673, 0.16
4674, 1.03
4675, 0.31
4676, 0.21
4677, 0.52
4678, 0.15
4679, 0.17
4680, 0.37
4681, 0.46
4682, 0.99
4683, 0.92
4684, 0.97
4685, 0.48
4686, 0.22
4687, 0.36
4688, 0.28
4689, 0.62
4690, 0.96
4691, 0.47
4692, 0.64
4693, 0.71
4694, 0.36
4695, 0.48
4696, 0.15
4697, 0.31
4698, 0.23
4699, 0.49
4700, 0.66
4701, 0.84
4702, 0.51
4703, 0.54
4704, 0.20
4705, 0.47
4706, 0.47
4707, 0.51
4708, 0.97
4709, 0.68
4710, 0.42
4711, 0.58
4712, 0.22
4713, 0.62
4714, 0.44
4715, 0.37
4716, 0.76
4717, 0.41
4718, 0.93
4719, 0.92
4720, 0.45
4721, 0.63
4722, 0.48
4723, 0.59
4724, 0.43
4725, 0.18
4726, 0.39
4727, 0.50
4728, 0.66
4729, 0.40
4730, 0.44
4731, 0.56
4732, 0.43
4733, 0.44
4734, 0.53
4735, 0.50
4736, 0.33
4737, 0.47
4738, 0.66
4739, 0.65
4740, 0.20
4741, 0.55
4742, 0.61
4743, 0.65
4744, 0.63
4745, 0.39
4746, 0.62
4747, 0.67
4748, 0.43
4749, 0.94
4750, 0.51
4751, 0.49
4752, 0.41
4753, 0.37
4754, 0.61
4755, 0.84
4756, 0.49
4757, 0.57
4758, 0.90
4759, 0.39
4760, 0.80
4761, 0.39
4762, 1.00
4763, 0.26
4764, 0.15
4765, 0.36
4766, 0.29
4767, 0.45
4768, 0.54
4769, 0.56
4770, 0.46
4771, 1.05
4772, 0.42
4773, 0.55
4774, 0.63
4775, 0.41
4776, 0.54
4777, 0.37
4778, 0.71
4779, 0.49
4780, 0.56
4781, 0.94
4782, 0.41
4783, 1.03
4784, 0.60
4785, 1.06
4786, 0.59
4787, 0.92
4788, 0.40
4789, 0.48
4790, 0.49
4791, 0.59
4792, 0.64
4793, 0.28
4794, 0.22
4795, 0.90
4796, 0.81
4797, 0.61
4798, 0.37
4799, 0.56
4800, 0.41
4801, 0.30
4802, 0.17
4803, 0.36
4804, 0.53
4805, 0.47
4806, 0.59
4807, 0.36
4808, 0.52
4809, 0.37
4810, 0.86
4811, 0.36
4812, 0.36
4813, 0.40
4814, 0.16
4815, 0.49
4816, 0.40
4817, 0.46
4818, 0.37
4819, 0.42
4820, 0.92
4821, 0.41
4822, 0.20
4823, 0.23
4824, 0.51
4825, 0.11
4826, 0.46
4827, 0.44
4828, 0.36
4829, 0.99
4830, 0.57
4831, 0.39
4832, 0.31
4833, 1.00
4834, 0.37
4835, 0.46
4836, 0.94
4837, 0.06
4838, 0.32
4839, 0.19
4840, 0.43
4841, 0.49
4842, 0.27
4843, 0.46
4844, 0.53
4845, 0.53
4846, 0.89
4847, 0.36
4848, 0.97
4849, 0.47
4850, 0.61
4851, 0.07
4852, 0.61
4853, 0.52
4854, 0.24
4855, 0.35
4856, 0.05
4857, 0.68
4858, 0.52
4859, 0.35
4860, 0.74
4861, 0.17
4862, 0.55
4863, 0.46
4864, 0.70
4865, 0.28
4866, 0.83
4867, 0.53
4868, 0.16
4869, 0.48
4870, 0.43
4871, 0.97
4872, 0.60
4873, 0.60
4874, 0.36
4875, 0.47
4876, 0.43
4877, 0.90
4878, 0.54
4879, 0.34
4880, 0.65
4881, 0.56
4882, 0.97
4883, 0.98
4884, 0.38
4885, 0.36
4886, 0.69
4887, 0.54
4888, 0.38
4889, 0.55
4890, 0.39
4891, 0.59
4892, 0.29
4893, 0.20
4894, 0.12
4895, 0.58
4896, 0.56
4897, 0.50
4898, 0.51
4899, 0.49
4900, 0.66
4901, 0.46
4902, 0.41
4903, 0.50
4904, 0.51
4905, 0.36
4906, 0.91
4907, 0.60
4908, 0.23
4909, 0.51
4910, 0.47
4911, 0.60
4912, 1.04
4913, 0.42
4914, 0.52
4915, 1.01
4916, 1.01
4917, 0.49
4918, 0.54
4919, 0.37
4920, 0.37
4921, 0.39
4922, 0.25
4923, 0.92
4924, 0.49
4925, 0.51
4926, 0.23
4927, 0.48
4928, 0.50
4929, 0.96
4930, 0.84
4931, 0.47
4932, 0.31
4933, 0.19
4934, 0.32
4935, 0.36
4936, 0.48
4937, 0.67
4938, 0.53
4939, 0.51
4940, 0.71
4941, 0.60
4942, 0.38
4943, 0.46
4944, 0.91
4945, 0.29
4946, 0.43
4947, 0.47
4948, 0.28
4949, 0.52
4950, 0.56
4951, 0.48
4952, 0.58
4953, 0.55
4954, 0.30
4955, 0.42
4956, 0.57
4957, 0.48
4958, 0.33
4959, 0.32
4960, 0.45
4961, 0.97
4962, 0.28
4963, 0.29
4964, 0.52
4965, 0.54
4966, 0.59
4967, 0.41
4968, 0.55
4969, 0.88
4970, 0.29
4971, 0.51
4972, 0.30
4973, 0.45
4974, 0.53
4975, 0.52
4976, 0.40
4977, 0.49
4978, 0.32
4979, 0.36
4980, 0.51
4981, 0.22
4982, 0.38
4983, 0.90
4984, 0.43
4985, 0.59
4986, 0.42
4987, 0.45
4988, 1.03
4989, 0.51
4990, 0.08
4991, 0.56
4992, 0.20
4993, 0.64
4994, 0.48
4995, 0.56
4996, 0.42
4997, 0.21
4998, 0.37
4999, 0.52
5000, 1.00
5001, 0.21
5002, 0.51
5003, 0.53
5004, 0.27
5005, 0.27
5006, 0.64
5007, 0.41
5008, 0.52
5009, 0.45
5010, 0.50
5011, 0.20
5012, 0.36
5013, 0.42
5014, 0.95
5015, 0.18
5016, 0.53
5017, 0.47
5018, 0.79
5019, 0.55
5020, 0.55
5021, 0.14
5022, 0.53
5023, 0.93
5024, 0.46
5025, 0.53
5026, 0.44
5027, 0.59
5028, 0.47
5029, 0.13
5030, 0.31
5031, 0.40
5032, 0.41
5033, 0.63
5034, 0.14
5035, 0.47
5036, 0.50
5037, 0.31
5038, 0.60
5039, 0.36
5040, 0.53
5041, 0.39
5042, 0.89
5043, 0.13
5044, 0.65
5045, 0.47
5046, 0.41
5047, 0.41
5048, 0.36
5049, 0.43
5050, 0.51
5051, 0.35
5052, 0.39
5053, 0.98
5054, 0.48
5055, 0.52
5056, 0.42
5057, 0.12
5058, 0.39
5059, 0.89
5060, 0.98
5061, 0.27
5062, 0.60
5063, 0.54
5064, 0.39
5065, 0.17
5066, 0.40
5067, 0.49
5068, 0.90
5069, 0.48
5070, 0.54
5071, 0.60
5072, 0.48
5073, 0.66
5074, 0.35
5075, 0.47
5076, 0.43
5077, 0.48
5078, 0.94
5079, 0.85
5080, 0.51
5081, 0.22
5082, 0.34
5083, 0.54
5084, 0.54
5085, 0.93
5086, 0.44
5087, 0.33
5088, 0.61
5089, 0.91
5090, 0.57
5091, 0.50
5092, 0.44
5093, 0.38
5094, 0.15
5095, 0.51
5096, 0.36
5097, 0.28
5098, 0.41
5099, 0.51
5100, 0.74
5101, 0.61
5102, 0.17
5103, 0.54
5104, 0.55
5105, 0.49
5106, 0.48
5107, 0.59
5108, 0.45
5109, 0.88
5110, 0.17
5111, 0.45
5112, 0.29
5113, 0.21
5114, 0.38
5115, 0.41
5116, 0.39
5117, 0.97
5118, 0.39
5119, 0.50
5120, 0.58
5121, 0.57
5122, 0.42
5123, 0.40
5124, 0.41
5125, 0.85
5126, 0.53
5127, 0.06
5128, 0.37
5129, 0.53
5130, 0.43
5131, 0.03
5132, 0.36
5133, 0.68
5134, 0.51
5135, 0.60
5136, 0.34
5137, 0.56
5138, 0.64
5139, 0.42
5140, 0.85
5141, 0.39
5142, 0.92
5143, 0.36
5144, 0.39
5145, 0.72
5146, 0.68
5147, 0.49
5148, 0.51
5149, 0.39
5150, 0.47
5151, 0.48
5152, 0.16
5153, 0.55
5154, 0.24
5155, 0.30
5156, 0.01
5157, 0.56
5158, 0.58
5159, 0.60
5160, 0.26
5161, 0.53
5162, 0.68
5163, 0.46
5164, 0.71
5165, 0.47
5166, 0.43
5167, 0.44
5168, 0.40
5169, 0.53
5170, 0.63
5171, 0.45
5172, 0.29
5173, 0.38
5174, 0.59
5175, 0.25
5176, 0.97
5177, 0.58
5178, 0.51
5179, 0.44
5180, 0.59
5181, 0.88
5182, 0.25
5183, 0.42
5184, 0.93
5185, 0.99
5186, 0.41
5187, 0.27
5188, 0.14
5189, 0.39
5190, 0.54
5191, 0.34
5192, 0.53
5193, 0.45
5194, 0.49
5195, 1.05
5196, 0.40
5197, 0.34
5198, 0.56
5199, 0.65
5200, 0.93
5201, 0.41
5202, 0.45
5203, 0.53
5204, 0.01
5205, 0.54
5206, 0.50
5207, 0.98
5208, 0.45
5209, 0.39
5210, 0.46
5211, 0.44
5212, 0.49
5213, 0.91
5214, 0.43
5215, 0.15
5216, 0.11
5217, 0.38
5218, 0.33
5219, 0.42
5220, 0.54
5221, 0.22
5222, 0.28
5223, 0.45
5224, 0.44
5225, 0.53
5226, 0.41
5227, 0.23
5228, 0.45
5229, 0.21
5230, 0.50
5231, 0.46
5232, 0.66
5233, 0.62
5234, 0.14
5235, 0.56
5236, 0.35
5237, 0.42
5238, 0.31
5239, 0.45
5240, 0.63
5241, 0.58
5242, 0.15
5243, 0.36
5244, 0.98
5245, 0.32
5246, 0.89
5247, 0.60
5248, 0.50
5249, 0.45
5250, 0.52
5251, 0.48
5252, 0.52
5253, 0.23
5254, 0.18
5255, 0.30
5256, 0.65
5257, 0.03
5258, 0.51
5259, 0.58
5260, 0.60
5261, 0.97
5262, 0.48
5263, 0.61
5264, 0.47
5265, 0.44
5266, 0.56
5267, 0.96
5268, 0.19
5269, 0.52
5270, 0.55
5271, 0.47
5272, 0.92
5273, 0.48
5274, 0.58
5275, 0.47
5276, 0.41
5277, 0.42
5278, 0.36
5279, 0.67
5280, 0.42
5281, 0.97
5282, 0.46
5283, 0.90
5284, 0.67
5285, 0.47
5286, 0.12
5287, 0.57
5288, 0.76
5289, 0.63
5290, 0.50
5291, 0.96
5292, 0.45
5293, 0.25
5294, 0.08
5295, 0.08
5296, 0.10
5297, 0.69
5298, 0.42
5299, 0.93
5300, 0.52
5301, 0.60
5302, 0.58
5303, 0.56
5304, 0.56
5305, 0.46
5306, 0.45
5307, 0.49
5308, 0.89
5309, 0.72
5310, 0.41
5311, 0.38
5312, 0.38
5313, 0.43
5314, 0.61
5315, 0.98
5316, 0.45
5317, 0.07
5318, 0.43
5319, 0.99
5320, 0.95
5321, 0.37
5322, 0.55
5323, 0.45
5324, 0.46
5325, 0.43
5326, 0.41
5327, 0.52
5328, 0.52
5329, 0.31
5330, 0.44
5331, 0.44
5332, 0.10
5333, 0.43
5334, 0.45
5335, 0.40
5336, 0.59
5337, 0.47
5338, 0.35
5339, -0.06
5340, 0.02
5341, 0.55
5342, 0.48
5343, 0.42
5344, 0.41
5345, 0.45
5346, 0.44
5347, 0.59
5348, 0.71
5349, 0.58
5350, 0.56
5351, 0.80
5352, 0.81
5353, 0.45
5354, 0.41
5355, 0.97
5356, 0.93
5357, 0.51
5358, 0.51
5359, 0.43
5360, 0.39
5361, 0.46
5362, 0.64
5363, 0.51
5364, 0.40
5365, 0.54
5366, 0.54
5367, 0.91
5368, 0.45
5369, 0.59
5370, 0.93
5371, 0.53
5372, 0.20
5373, 0.29
5374, 0.43
5375, 0.74
5376, 0.11
5377, 0.98
5378, 0.55
5379, 0.31
5380, 0.63
5381, 0.26
5382, 0.34
5383, 0.53
5384, 0.50
5385, 0.45
5386, 0.41
5387, 0.41
5388, 0.24
5389, 0.41
5390, 0.40
5391, 0.63
5392, 0.42
5393, 0.85
5394, 0.53
5395, 0.45
5396, 0.97
5397, 0.48
5398, 0.49
5399, 0.50
5400, 0.49
5401, 0.13
5402, 0.45
5403, 0.36
5404, 0.37
5405, 0.16
5406, 0.48
5407, 0.18
5408, 0.49
5409, 0.44
5410, 0.31
5411, 0.24
5412, 0.98
5413, 0.33
5414, 0.92
5415, 0.48
5416, 0.55
5417, 0.46
5418, 0.02
5419, 0.97
5420, 0.52
5421, 0.49
5422, 0.41
5423, 0.67
5424, 0.35
5425, 0.54
5426, 0.56
5427, 0.39
5428, 0.44
5429, 0.58
5430, 0.39
5431, 0.52
5432, 0.42
5433, 0.50
5434, 0.98
5435, 0.49
5436, 0.63
5437, 0.56
5438, 0.58
5439, 0.51
5440, 0.36
5441, 0.91
5442, 0.65
5443, 0.44
5444, 0.43
5445, 0.49
5446, 0.89
5447, 0.60
5448, 0.51
5449, 0.46
5450, 0.25
5451, 0.52
5452, 0.38
5453, 0.88
5454, 0.59
5455, 0.99
5456, 0.60
5457, 0.95
5458, 0.68
5459, 0.85
5460, 0.52
5461, 0.50
5462, 0.40
5463, 0.53
5464, 0.53
5465, 0.47
5466, 0.60
5467, 0.38
5468, 0.42
5469, 0.37
5470, 0.36
5471, 0.36
5472, 0.70
5473, 0.41
5474, 0.46
5475, 0.32
5476, 0.53
5477, 0.61
5478, 0.50
5479, 0.96
5480, 0.42
5481, 0.68
5482, 0.35
5483, 0.43
5484, 0.47
5485, 0.18
5486, 0.77
5487, 0.91
5488, 0.13
5489, 0.47
5490, 0.97
5491, 0.48
5492, 0.52
5493, 0.52
5494, 0.56
5495, 0.60
5496, 1.05
5497, 0.54
5498, 0.50
5499, 0.36
5500, 0.97
5501, 0.50
5502, 0.49
5503, 0.49
5504, 0.51
5505, 0.60
5506, 0.57
5507, 0.65
5508, 0.64
5509, 0.37
5510, 0.68
5511, 0.47
5512, 0.49
5513, 0.59
5514, 0.91
5515, 0.49
5516, 0.57
5517, 0.57
5518, 0.29
5519, 0.61
5520, 0.75
5521, 0.45
5522, 0.37
5523, 0.48
5524, 1.02
5525, 0.56
5526, 0.41
5527, 0.46
5528, 0.17
5529, 0.51
5530, 0.19
5531, 0.51
5532, 0.51
5533, 0.59
5534, 0.37
5535, 0.50
5536, 0.37
5537, 0.71
5538, 0.93
5539, 0.54
5540, 0.22
5541, 0.06
5542, 1.01
5543, 0.35
5544, 1.01
5545, 0.10
5546, 0.56
5547, 0.34
5548, 0.39
5549, 0.29
5550, 0.14
5551, 0.46
5552, 0.46
5553, 0.31
5554, 0.85
5555, 0.61
5556, 0.44
5557, 0.42
5558, 0.56
5559, 0.45
5560, 0.53
5561, 0.19
5562, 0.65
5563, 0.53
5564, 0.44
5565, 0.39
5566, 0.11
5567, 0.15
5568, 0.46
5569, 0.43
5570, 0.32
5571, 0.49
5572, 0.97
5573, 0.99
5574, 0.51
5575, 0.53
5576, 0.15
5577, 0.22
5578, 0.65
5579, 0.27
5580, 0.53
5581, 0.38
5582, 0.44
5583, 0.59
5584, 0.49
5585, 0.59
5586, 0.55
5587, 0.13
5588, 0.62
5589, 0.72
5590, 0.50
5591, 0.61
5592, 0.39
5593, 0.49
5594, 0.83
5595, 0.61
5596, 0.27
5597, 0.34
5598, 0.59
5599, 1.00
5600, 0.66
5601, 0.49
5602, 0.60
5603, 0.50
5604, 0.42
5605, 0.81
5606, 0.22
5607, 0.61
5608, 0.18
5609, 0.40
5610, 0.33
5611, 0.66
5612, 0.69
5613, 0.18
5614, 0.54
5615, 0.12
5616, 0.17
5617, 0.38
5618, 0.44
5619, 0.49
5620, 0.41
5621, 1.02
5622, 0.26
5623, 0.39
5624, 0.49
5625, 0.37
5626, 0.32
5627, 0.54
5628, 0.44
5629, 0.41
5630, 0.48
5631, 0.40
5632, 0.53
5633, 0.98
5634, 0.47
5635, 0.91
5636, 0.14
5637, 0.14
5638, 0.44
5639, 0.43
5640, 0.53
5641, 0.41
5642, 0.60
5643, 0.56
5644, 0.91
5645, 0.27
5646, 0.31
5647, 0.05
5648, 0.26
5649, 0.46
5650, 0.57
5651, 0.45
5652, 0.63
5653, 0.20
5654, 0.16
5655, 0.51
5656, 0.31
5657, 0.45
5658, 0.93
5659, 0.41
5660, 0.87
5661, 0.28
5662, 0.97
5663, 0.36
5664, 0.61
5665, 0.49
5666, 0.60
5667, 0.63
5668, 0.37
5669, 0.41
5670, 0.47
5671, 0.51
5672, 0.64
5673, 0.19
5674, 0.30
5675, 0.96
5676, 0.53
5677, 0.40
5678, 0.46
5679, 0.56
5680, 0.14
5681, 0.23
5682, 0.41
5683, 0.53
5684, 0.98
5685, 0.66
5686, 0.41
5687, 0.89
5688, 0.85
5689, 0.40
5690, 0.08
5691, 0.47
5692, 0.54
5693, 0.41
5694, 0.45
5695, 0.15
5696, 0.17
5697, 0.54
5698, 0.46
5699, 0.41
5700, 0.27
5701, 0.98
5702, 0.36
5703, 0.92
5704, 0.89
5705, 0.93
5706, 0.65
5707, 0.17
5708, 0.45
5709, 0.45
5710, 0.93
5711, 0.32
5712, 0.71
5713, 0.27
5714, 0.48
5715, 0.59
5716, 0.63
5717, 0.52
5718, 0.50
5719, 0.06
5720, 0.57
5721, 0.53
5722, 0.43
5723, 0.39
5724, 0.36
5725, 0.49
5726, 0.49
5727, 0.15
5728, 0.46
5729, 0.16
5730, 0.59
5731, 0.50
5732, 0.36
5733, 0.87
5734, 0.53
5735, 0.47
5736, 0.83
5737, 0.49
5738, 0.55
5739, 0.85
5740, 0.17
5741, 0.55
5742, 0.41
5743, 0.47
5744, 0.14
5745, 0.52
5746, 0.50
5747, 0.62
5748, 0.42
5749, 0.94
5750, 0.62
5751, 0.87
5752, 0.53
5753, 0.43
5754, 0.60
5755, 0.54
5756, 0.86
5757, 0.55
5758, 0.57
5759, 0.44
5760, 0.30
5761, 0.53
5762, 0.51
5763, 0.56
5764, 0.31
5765, 0.63
5766, 0.43
5767, 0.36
5768, 0.28
5769, 0.92
5770, 0.62
5771, 0.34
5772, 0.37
5773, 0.60
5774, 0.58
5775, 0.50
5776, 0.37
5777, 0.55
5778, 0.20
5779, 0.43
5780, 0.60
5781, 0.50
5782, 0.42
5783, 0.50
5784, 0.40
5785, 0.50
5786, 0.88
5787, 0.53
5788, 0.70
5789, 0.17
5790, 0.85
5791, 0.15
5792, 0.41
5793, 0.50
5794, 0.21
5795, 0.33
5796, 0.14
5797, 0.30
5798, 0.63
5799, 0.46
5800, 0.16
5801, 0.14
5802, 0.68
5803, 0.32
5804, 0.72
5805, 0.96
5806, 0.57
5807, 0.45
5808, 0.14
5809, 0.39
5810, 0.69
5811, 0.43
5812, 0.38
5813, 0.60
5814, 0.56
5815, 0.21
5816, 0.54
5817, 0.30
5818, 0.84
5819, 0.56
5820, 0.49
5821, 0.63
5822, 0.31
5823, 0.35
5824, 0.87
5825, 0.67
5826, 0.86
5827, 0.51
5828, 0.39
5829, 0.64
5830, 0.35
5831, 0.54
5832, 0.63
5833, 0.54
5834, 0.44
5835, 0.12
5836, 0.06
5837, 0.68
5838, 0.51
5839, 0.72
5840, 0.19
5841, 0.50
5842, 0.63
5843, 0.89
5844, 0.46
5845, 1.00
5846, 0.76
5847, 0.19
5848, 0.57
5849, 0.36
5850, 0.37
5851, 0.38
5852, 0.50
5853, 0.43
5854, 0.15
5855, 0.57
5856, 0.48
5857, 0.61
5858, 0.32
5859, 0.16
5860, 0.48
5861, 0.14
5862, 0.42
5863, 0.76
5864, 0.99
5865, 0.54
5866, 0.48
5867, 0.98
5868, 0.33
5869, 0.30
5870, 0.17
5871, 0.53
5872, 0.40
5873, 0.80
5874, 0.47
5875, 0.39
5876, 0.21
5877, 0.95
5878, 0.52
5879, 0.41
5880, 0.60
5881, 0.29
5882, 0.13
5883, 0.83
5884, 0.89
5885, 0.55
5886, 0.45
5887, 0.49
5888, 0.44
5889, 0.46
5890, 0.68
5891, 0.40
5892, 0.39
5893, 0.44
5894, 0.55
5895, 0.45
5896, 0.56
5897, 0.61
5898, 0.58
5899, 0.31
5900, 0.44
5901, 0.39
5902, 0.53
5903, 0.53
5904, 0.23
5905, 0.60
5906, 0.47
5907, 0.50
5908, 0.36
5909, 0.26
5910, 0.97
5911, 0.09
5912, 0.31
5913, 0.97
5914, 0.46
5915, 0.24
5916, 0.35
5917, 0.52
5918, 0.22
5919, 0.52
5920, 0.51
5921, 0.56
5922, 0.51
5923, 0.95
5924, 0.24
5925, 0.39
5926, 0.61
5927, 0.18
5928, 0.57
5929, 0.56
5930, 0.55
5931, 0.32
5932, 0.49
5933, 0.95
5934, 0.41
5935, 0.21
5936, 0.14
5937, 0.56
5938, 0.53
5939, 0.30
5940, 0.18
5941, 0.96
5942, 0.47
5943, 0.38
5944, 0.64
5945, 0.96
5946, 0.47
5947, 0.50
5948, 0.43
5949, 0.57
5950, 0.15
5951, 0.52
5952, 0.46
5953, 0.09
5954, 0.62
5955, 0.50
5956, 0.45
5957, 0.20
5958, 0.42
5959, 0.49
5960, 0.40
5961, 0.56
5962, 0.49
5963, 0.51
5964, 0.82
5965, 0.52
5966, 0.53
5967, 0.39
5968, 0.48
5969, 0.54
5970, 0.57
5971, 0.51
5972, 0.88
5973, 0.41
5974, 0.50
5975, 0.43
5976, 0.07
5977, 0.22
5978, 0.55
5979, 0.41
5980, 0.57
5981, 0.52
5982, 0.48
5983, 0.53
5984, 0.44
5985, 0.53
5986, 0.51
5987, 0.32
5988, 0.87
5989, 0.53
5990, 0.99
5991, 0.99
5992, 0.54
5993, 0.45
5994, 0.50
5995, 0.96
5996, 0.45
5997, 0.50
5998, 0.49
5999, 0.55
6000, 0.95
6001, 0.44
6002, 0.95
6003, 0.75
6004, 0.41
6005, 0.54
6006, 0.10
6007, 0.41
6008, 0.55
6009, 0.58
6010, 0.53
6011, 0.44
6012, 0.35
6013, 0.49
6014, 0.46
6015, 0.47
6016, 0.50
6017, 0.58
6018, 0.53
6019, 0.53
6020, 0.54
6021, 0.36
6022, 0.14
6023, 0.65
6024, 0.47
6025, 0.39
6026, 0.28
6027, 0.98
6028, 0.54
6029, 0.39
6030, 0.63
6031, 0.41
6032, 0.98
6033, 0.41
6034, 0.49
6035, 0.37
6036, 1.04
6037, 0.44
6038, 0.57
6039, 0.42
6040, 0.49
6041, 0.15
6042, 0.52
6043, 0.69
6044, 0.58
6045, 0.21
6046, 0.71
6047, 0.92
6048, 0.67
6049, 0.24
6050, 0.91
6051, 0.46
6052, 0.54
6053, 0.68
6054, 0.53
6055, 0.80
6056, 0.41
6057, 0.56
6058, 0.89
6059, 0.48
6060, 0.53
6061, 0.55
6062, 0.47
6063, 0.30
6064, 0.54
6065, 0.44
6066, 0.53
6067, 0.46
6068, 0.56
6069, 0.44
6070, 0.57
6071, 0.96
6072, 0.45
6073, 0.81
6074, 0.30
6075, 0.36
6076, 0.30
6077, 0.51
6078, 0.67
6079, 0.21
6080, 0.29
6081, 0.46
6082, 0.58
6083, 0.54
6084, 0.50
6085, 0.51
6086, 0.34
6087, 0.42
6088, 0.56
6089, 0.46
6090, 0.41
6091, 0.58
6092, 0.27
6093, 0.66
6094, 0.48
6095, 0.15
6096, 0.51
6097, 0.56
6098, 0.47
6099, 0.50
6100, 0.66
6101, 0.48
6102, 0.26
6103, 0.95
6104, 0.14
6105, 0.34
6106, 0.78
6107, 0.56
6108, 0.30
6109, 0.38
6110, 0.50
6111, 0.53
6112, 0.06
6113, 0.54
6114, 0.44
6115, 0.59
6116, 0.50
6117, 0.55
6118, 0.49
6119, 0.41
6120, 0.29
6121, 0.85
6122, 0.02
6123, 0.05
6124, 0.39
6125, 0.61
6126, 0.52
6127, 0.49
6128, 0.46
6129, 0.38
6130, 0.39
6131, 1.00
6132, 0.34
6133, 0.62
6134, 0.36
6135, 0.54
6136, 0.48
6137, 0.57
6138, 0.42
6139, 0.80
6140, 0.56
6141, 0.79
6142, 0.89
6143, 0.40
6144, 0.35
6145, 0.57
6146, 0.70
6147, 0.40
6148, 0.50
6149, 0.32
6150, 0.64
6151, 0.47
6152, 0.24
6153, 0.60
6154, 0.92
6155, 0.16
6156, 0.19
6157, 0.53
6158, 0.44
6159, 0.19
6160, 0.36
6161, 0.12
6162, 0.57
6163, 0.44
6164, 0.46
6165, 0.57
6166, 0.53
6167, 0.37
6168, 0.49
6169, 0.43
6170, 0.55
6171, 0.96
6172, 0.48
6173, 0.61
6174, 0.42
6175, 0.58
6176, 0.46
6177, 0.54
6178, 0.19
6179, 0.53
6180, 0.55
6181, 0.14
6182, 0.99
6183, 0.47
6184, 0.45
6185, 0.62
6186, 0.56
6187, 0.57
6188, 0.44
6189, 0.95
6190, 0.81
6191, 0.50
6192, 0.50
6193, 0.91
6194, 0.16
6195, 0.52
6196, 0.61
6197, 0.97
6198, 0.45
6199, 0.59
6200, 0.60
6201, 0.80
6202, 0.35
6203, 0.20
6204, 0.92
6205, 0.45
6206, 1.02
6207, 0.41
6208, 0.26
6209, 0.27
6210, 0.39
6211, 0.47
6212, 0.42
6213, 0.19
6214, 0.77
6215, 0.39
6216, 0.45
6217, 0.44
6218, 0.06
6219, 0.97
6220, 0.41
6221, 0.45
6222, 0.46
6223, 0.88
6224, 0.31
6225, 0.47
6226, 0.66
6227, 0.55
6228, 0.54
6229, 0.90
6230, 0.94
6231, 0.48
6232, 0.14
6233, 0.64
6234, 1.02
6235, 0.54
6236, 0.59
6237, 0.45
6238, 0.56
6239, 0.57
6240, 0.52
6241, 0.55
6242, 0.57
6243, 0.52
6244, 0.62
6245, 0.31
6246, 0.50
6247, 0.41
6248, 0.54
6249, 0.42
6250, 0.90
6251, 0.45
6252, 0.26
6253, 0.51
6254, 0.34
6255, 0.52
6256, 0.36
6257, 0.45
6258, 0.47
6259, 0.46
6260, 0.61
6261, 0.51
6262, 0.49
6263, 0.56
6264, 0.24
6265, 0.17
6266, 1.01
6267, 0.59
6268, 0.71
6269, 0.40
6270, 0.53
6271, 0.52
6272, 0.33
6273, 0.19
6274, 0.37
6275, 0.47
6276, 0.55
6277, 0.90
6278, 0.44
6279, 0.38
6280, 0.97
6281, 0.17
6282, 0.46
6283, 0.20
6284, 0.52
6285, 0.51
6286, 0.49
6287, 0.65
6288, 0.47
6289, 0.27
6290, 0.84
6291, 0.37
6292, 0.37
6293, 0.34
6294, 0.52
6295, 0.55
6296, 0.89
6297, 0.46
6298, 0.22
6299, 0.92
6300, 0.42
6301, 0.39
6302, 0.36
6303, 0.24
6304, 0.94
6305, 0.51
6306, 0.78
6307, 0.68
6308, 0.35
6309, 0.39
6310, 0.44
6311, 0.26
6312, 0.03
6313, 0.54
6314, 0.33
6315, 0.47
6316, 0.84
6317, 0.49
6318, 0.45
6319, 0.31
6320, 0.60
6321, 0.54
6322, 0.52
6323, 0.47
6324, 0.96
6325, 0.46
6326, 0.06
6327, 0.50
6328, 0.01
6329, 0.45
6330, 0.71
6331, 0.44
6332, 0.52
6333, 0.57
6334, 0.76
6335, 0.69
6336, 0.57
6337, 0.46
6338, 0.46
6339, 0.45
6340, 0.10
6341, 0.47
6342, 0.30
6343, 0.33
6344, 1.04
6345, 0.31
6346, 0.95
6347, 0.50
6348, 0.97
6349, 0.50
6350, 0.28
6351, 0.55
6352, 0.85
6353, 0.46
6354, 0.49
6355, 0.61
6356, 0.28
6357, 0.84
6358, 0.37
6359, 0.60
6360, 0.93
6361, 0.25
6362, 0.72
6363, 0.95
6364, 0.38
6365, 0.55
6366, 0.17
6367, 0.48
6368, 0.25
6369, 0.96
6370, 0.41
6371, 0.54
6372, 0.11
6373, 0.58
6374, 0.37
6375, 0.31
6376, 0.90
6377, 0.54
6378, 0.91
6379, 0.61
6380, 0.30
6381, 0.55
6382, 0.43
6383, 0.54
6384, 0.34
6385, 0.45
6386, 0.39
6387, 0.28
6388, 0.49
6389, 0.50
6390, 0.62
6391, 0.50
6392, 0.36
6393, 0.65
6394, 0.36
6395, 0.33
6396, 0.93
6397, 0.06
6398, 0.44
6399, 0.45
6400, 0.46
6401, 0.49
6402, 0.21
6403, 0.51
6404, 0.86
6405, 0.41
6406, 0.53
6407, 0.51
6408, 0.50
6409, 0.53
6410, 0.43
6411, 0.50
6412, 0.54
6413, 0.25
6414, 0.51
6415, 0.55
6416, 0.39
6417, 0.21
6418, 0.18
6419, 0.52
6420, 0.71
6421, 0.99
6422, 0.13
6423, 0.19
6424, 0.35
6425, 0.54
6426, 0.89
6427, 0.53
6428, 0.45
6429, 0.55
6430, 0.87
6431, 0.23
6432, 0.50
6433, 0.24
6434, 0.40
6435, 0.32
6436, 0.19
6437, 0.58
6438, 0.50
6439, 0.39
6440, 0.40
6441, 0.48
6442, 0.43
6443, 0.34
6444, 0.26
6445, 0.34
6446, 0.45
6447, 0.51
6448, 0.92
6449, 0.62
6450, 0.21
6451, 0.34
6452, 0.50
6453, 0.65
6454, 0.62
6455, 0.34
6456, 0.87
6457, 0.40
6458, 0.41
6459, 0.48
6460, 0.21
6461, 0.78
6462, 0.39
6463, 0.32
6464, 0.64
6465, 0.20
6466, 0.37
6467, 0.53
6468, 0.95
6469, 0.53
6470, 0.37
6471, 0.66
6472, 0.32
6473, 0.36
6474, 0.48
6475, 0.55
6476, 1.01
6477, 0.47
6478, 0.34
6479, 0.41
6480, 0.33
6481, 0.36
6482, 0.42
6483, 0.41
6484, 0.60
6485, 0.51
6486, 0.19
6487, 0.46
6488, 0.86
6489, 0.21
6490, 0.43
6491, 0.47
6492, 0.12
6493, 0.59
6494, 0.45
6495, 0.39
6496, 0.57
6497, 0.52
6498, 0.17
6499, 0.57
6500, 0.45
6501, 0.71
6502, 0.48
6503, 0.38
6504, 0.21
6505, 0.33
6506, 0.50
6507, 0.62
6508, 0.51
6509, 0.68
6510, 0.48
6511, 0.78
6512, 0.99
6513, 0.42
6514, 0.45
6515, 0.50
6516, 0.53
6517, 0.53
6518, 0.40
6519, 0.45
6520, 0.16
6521, 0.64
6522, 0.68
6523, 0.43
6524, 0.49
6525, 0.47
6526, 0.53
6527, 0.68
6528, 0.91
6529, 0.55
6530, 1.01
6531, 0.48
6532, 0.16
6533, 0.37
6534, 0.66
6535, 0.15
6536, 0.92
6537, 0.47
6538, 0.54
6539, 0.60
6540, 0.50
6541, 0.56
6542, 0.38
6543, 0.96
6544, 0.50
6545, 0.50
6546, 0.39
6547, 0.42
6548, 0.59
6549, 0.85
6550, 0.45
6551, 0.50
6552, 0.12
6553, 0.76
6554, 0.31
6555, 0.59
6556, 0.38
6557, 0.50
6558, 0.67
6559, 0.52
6560, 0.22
6561, 0.48
6562, 0.44
6563, 0.51
6564, 0.28
6565, 0.41
6566, 0.15
6567, 0.94
6568, 0.54
6569, 0.10
6570, 0.53
6571, 0.44
6572, 0.51
6573, 0.48
6574, 0.93
6575, 0.43
6576, 0.22
6577, 0.45
6578, 0.56
6579, 0.28
6580, 0.49
6581, 0.39
6582, 0.40
6583, 0.75
6584, 0.48
6585, 0.40
6586, 0.53
6587, 0.18
6588, 0.44
6589, 0.27
6590, 0.42
6591, 0.34
6592, 1.00
6593, 0.38
6594, 0.35
6595, 0.62
6596, 0.49
6597, 0.56
6598, 0.56
6599, 0.36
6600, 0.46
6601, 0.49
6602, 0.68
6603, 0.41
6604, 0.49
6605, 0.16
6606, 0.62
6607, 0.41
6608, 0.50
6609, 0.45
6610, 0.18
6611, 0.14
6612, 0.26
6613, 0.61
6614, 0.57
6615, 0.72
6616, 0.10
6617, 0.99
6618, 0.16
6619, 0.60
6620, 0.40
6621, 0.10
6622, 0.48
6623, 0.37
6624, 0.48
6625, 0.41
6626, 0.57
6627, 0.45
6628, 0.61
6629, 0.59
6630, 0.97
6631, 0.42
6632, 0.54
6633, 0.53
6634, 0.44
6635, 0.86
6636, 0.33
6637, 0.99
6638, 0.46
6639, 0.98
6640, 0.62
6641, 0.88
6642, 0.33
6643, 0.15
6644, 0.48
6645, 0.41
6646, 0.20
6647, 0.43
6648, 0.22
6649, 0.14
6650, 0.32
6651, 0.78
6652, 0.48
6653, 0.51
6654, 0.52
6655, 0.42
6656, 0.38
6657, 0.65
6658, 0.46
6659, 0.48
6660, 0.90
6661, 0.50
6662, 0.42
6663, 0.53
6664, 0.48
6665, 0.61
6666, 0.52
6667, 0.47
6668, 0.69
6669, 0.54
6670, 0.63
6671, 0.87
6672, 0.51
6673, 0.15
6674, 0.50
6675, 0.23
6676, 0.75
6677, 0.37
6678, 0.70
6679, 0.50
6680, 0.04
6681, 0.65
6682, 0.63
6683, 0.33
6684, 0.42
6685, 0.48
6686, 0.42
6687, 0.63
6688, 0.71
6689, 1.02
6690, 0.49
6691, 0.45
6692, 0.77
6693, 0.52
6694, 0.47
6695, 0.12
6696, 0.99
6697, 0.26
6698, 0.41
6699, 0.43
6700, 0.52
6701, 0.63
6702, 0.12
6703, 0.17
6704, 0.58
6705, 0.30
6706, 0.54
6707, 0.48
6708, 0.50
6709, 0.51
6710, 0.14
6711, 0.67
6712, 0.49
6713, 0.40
6714, 0.17
6715, 0.53
6716, 0.52
6717, 0.27
6718, 0.44
6719, 0.38
6720, 0.32
6721, 0.60
6722, 0.51
6723, 0.96
6724, 0.48
6725, 0.34
6726, 0.41
6727, 0.46
6728, 0.22
6729, 1.04
6730, 0.71
6731, 0.49
6732, 0.91
6733, 0.45
6734, 0.60
6735, 0.64
6736, 0.49
6737, 0.54
6738, 0.56
6739, 0.48
6740, 0.60
6741, 0.48
6742, 0.37
6743, 0.15
6744, 0.90
6745, 0.84
6746, 0.55
6747, 0.32
6748, 0.48
6749, 0.80
6750, 0.47
6751, 0.09
6752, 0.56
6753, 0.40
6754, 0.52
6755, 0.24
6756, 0.50
6757, 0.63
6758, 0.43
6759, 0.36
6760, 0.59
6761, 0.21
6762, 0.02
6763, 0.66
6764, 0.47
6765, 0.23
6766, 0.41
6767, 0.53
6768, 0.48
6769, 0.45
6770, 0.94
6771, 0.56
6772, 0.72
6773, 0.17
6774, 0.59
6775, 0.71
6776, 0.60
6777, 0.55
6778, 0.39
6779, 0.41
6780, 0.55
6781, 0.94
6782, 0.47
6783, 0.55
6784, 0.84
6785, 0.49
6786, 0.43
6787, 0.53
6788, 0.51
6789, 0.96
6790, 0.36
6791, 0.63
6792, 0.97
6793, 0.32
6794, 0.36
6795, 0.72
6796, 1.06
6797, 0.38
6798, 0.97
6799, 0.23
6800, 1.02
6801, 0.92
6802, 0.55
6803, 0.53
6804, 0.02
6805, 0.89
6806, 0.59
6807, 0.51
6808, 0.11
6809, 0.18
6810, 0.09
6811, 0.63
6812, 0.47
6813, 0.39
6814, 0.30
6815, 0.51
6816, 0.46
6817, 0.49
6818, 0.41
6819, 0.83
6820, 0.40
6821, 0.83
6822, 0.39
6823, 0.54
6824, 0.16
6825, 0.64
6826, 0.65
6827, 0.07
6828, 0.24
6829, 0.56
6830, 0.37
6831, 0.98
6832, 0.35
6833, 0.95
6834, 0.47
6835, 0.36
6836, 0.37
6837, 0.18
6838, 0.52
6839, 0.45
6840, 0.12
6841, 0.39
6842, 0.50
6843, 0.59
6844, 0.33
6845, 0.43
6846, 0.47
6847, 0.94
6848, 0.33
6849, 0.46
6850, 0.49
6851, 0.15
6852, 0.39
6853, 0.39
6854, 0.66
6855, 0.48
6856, 0.51
6857, 0.41
6858, 0.65
6859, 0.46
6860, 0.48
6861, 0.89
6862, 0.97
6863, 0.60
6864, 0.48
6865, 0.20
6866, 0.55
6867, 0.63
6868, 0.58
6869, 0.65
6870, 0.57
6871, 0.38
6872, 0.52
6873, 0.85
6874, 0.48
6875, 0.56
6876, 0.41
6877, 0.35
6878, 0.21
6879, 0.44
6880, 0.51
6881, 0.48
6882, 0.56
6883, 0.59
6884, 0.70
6885, 0.46
6886, 0.41
6887, 0.47
6888, 0.57
6889, 0.15
6890, 0.90
6891, 0.53
6892, 1.16
6893, 0.61
6894, 0.91
6895, 0.93
6896, 0.36
6897, 0.89
6898, 0.55
6899, 0.52
6900, 0.99
6901, 0.42
6902, 0.36
6903, 0.21
6904, 0.45
6905, 0.56
6906, 0.15
6907, 0.36
6908, 0.42
6909, 0.27
6910, 0.46
6911, 0.86
6912, 0.48
6913, 0.41
6914, 0.47
6915, 0.27
6916, 0.39
6917, 0.49
6918, 0.48
6919, 0.48
6920, 0.47
6921, 0.50
6922, 0.55
6923, 0.10
6924, 0.45
6925, 0.41
6926, 0.59
6927, 0.34
6928, 0.54
6929, 0.42
6930, 0.35
6931, 0.60
6932, 0.94
6933, 0.60
6934, 0.45
6935, 0.59
6936, 1.02
6937, 0.56
6938, 0.56
6939, 0.23
6940, 0.94
6941, 0.52
6942, 0.42
6943, 0.42
6944, 0.37
6945, 0.52
6946, 0.33
6947, 0.76
6948, 0.17
6949, 1.03
6950, 0.54
6951, 0.56
6952, 0.64
6953, 0.37
6954, 0.49
6955, 0.47
6956, 0.18
6957, 0.31
6958, 0.16
6959, 0.54
6960, 0.21
6961, 1.02
6962, 0.22
6963, 0.47
6964, 0.58
6965, 0.97
6966, 0.38
6967, 0.48
6968, 0.48
6969, 0.37
6970, 0.14
6971, 0.27
6972, 0.46
6973, 0.51
6974, 0.65
6975, 0.46
6976, 0.42
6977, 0.16
6978, 0.45
6979, 0.32
6980, 0.61
6981, 0.06
6982, 0.37
6983, 0.53
6984, 0.40
6985, 0.12
6986, 0.51
6987, 0.52
6988, 0.56
6989, 0.73
6990, 0.52
6991, 0.44
6992, 0.24
6993, 0.56
6994, 0.59
6995, 0.88
6996, 0.53
6997, 1.00
6998, 0.54
6999, 0.44
7000, 0.48
7001, 0.80
7002, 0.57
7003, 0.57
7004, 0.94
7005, 0.66
7006, 0.48
7007, 0.43
7008, 0.62
7009, 0.62
7010, 0.56
7011, 0.39
7012, 0.20
7013, 0.62
7014, 0.57
7015, 0.55
7016, 0.35
7017, 0.39
7018, 0.15
7019, 0.49
7020, 0.54
7021, 0.43
7022, 0.13
7023, 0.70
7024, 0.57
7025, 0.38
7026, 0.69
7027, 0.11
7028, 0.34
7029, 0.47
7030, 0.41
7031, 0.60
7032, 0.58
7033, 0.22
7034, 0.89
7035, 0.70
7036, 0.72
7037, 0.12
7038, 0.56
7039, 0.57
7040, 0.49
7041, 0.51
7042, 0.47
7043, 0.42
7044, 0.41
7045, 0.50
7046, 0.51
7047, 0.31
7048, 0.56
7049, 0.65
7050, 0.58
7051, 0.38
7052, 0.38
7053, 0.37
7054, 0.61
7055, 0.47
7056, 0.44
7057, 0.46
7058, 0.53
7059, 0.22
7060, 0.47
7061, 0.24
7062, 0.54
7063, 0.41
7064, 0.31
7065, 0.88
7066, 0.48
7067, 0.37
7068, 0.45
7069, 0.47
7070, 0.52
7071, 0.55
7072, 0.90
7073, 0.18
7074, 0.43
7075, 0.12
7076, 0.47
7077, 0.13
7078, 0.28
7079, 0.91
7080, 0.97
7081, 0.58
7082, 0.14
7083, 0.21
7084, 0.43
7085, 0.45
7086, 0.41
7087, 0.90
7088, 0.43
7089, 0.52
7090, 0.41
7091, 0.50
7092, 0.50
7093, 0.38
7094, 0.11
7095, 0.60
7096, 0.52
7097, 0.44
7098, 0.57
7099, 0.51
7100, 0.49
7101, 0.40
7102, 0.59
7103, 0.46
7104, 0.56
7105, 0.61
7106, 1.01
7107, 0.42
7108, 0.48
7109, 0.52
7110, 0.22
7111, 0.50
7112, 0.32
7113, 0.70
7114, 0.43
7115, 0.36
7116, 0.48
7117, 0.27
7118, 0.55
7119, 0.73
7120, 0.35
7121, 0.34
7122, 0.37
7123, 1.00
7124, 0.47
7125, 0.45
7126, 0.32
7127, 0.41
7128, 0.45
7129, 0.50
7130, 0.87
7131, 0.62
7132, 0.53
7133, 0.11
7134, 0.23
7135, 0.51
7136, 0.51
7137, 0.19
7138, 0.60
7139, 0.60
7140, 0.15
7141, 0.49
7142, 0.15
7143, 0.35
7144, 0.28
7145, 0.81
7146, 0.40
7147, 0.35
7148, 0.57
7149, 0.83
7150, 0.52
7151, 0.50
7152, 0.32
7153, 0.43
7154, 0.54
7155, 0.87
7156, 0.38
7157, 0.80
7158, 0.53
7159, 0.52
7160, 0.35
7161, 0.15
7162, 0.21
7163, 0.40
7164, 0.74
7165, 0.66
7166, 1.07
7167, 0.35
7168, 0.35
7169, 0.35
7170, 0.83
7171, 0.17
7172, 0.48
7173, 0.32
7174, 0.53
7175, 0.50
7176, 0.69
7177, 0.50
7178, 0.48
7179, 0.98
7180, 0.86
7181, 0.86
7182, 0.19
7183, 0.95
7184, 0.71
7185, 0.57
7186, 0.16
7187, 0.46
7188, 0.36
7189, 0.28
7190, 0.64
7191, 0.45
7192, 0.94
7193, 0.44
7194, 0.57
7195, 0.61
7196, 0.53
7197, 0.30
7198, 0.44
7199, 0.18
7200, 0.91
7201, 0.50
7202, 0.46
7203, 0.38
7204, 0.14
7205, 0.56
7206, 0.33
7207, 0.46
7208, 0.81
7209, 0.38
7210, 0.47
7211, 0.44
7212, 0.28
7213, 0.60
7214, 0.41
7215, 0.14
7216, 0.99
7217, 0.83
7218, 0.66
7219, 0.60
7220, 0.51
7221, 0.56
7222, 0.97
7223, 0.29
7224, 0.44
7225, 0.91
7226, 0.46
7227, 0.36
7228, 0.44
7229, 0.33
7230, 0.35
7231, 0.48
7232, 0.33
7233, 0.44
7234, 0.52
7235, 0.11
7236, 0.63
7237, 0.51
7238, 0.43
7239, 0.41
7240, 0.39
7241, 0.47
7242, 0.47
7243, 0.56
7244, 0.58
7245, 0.34
7246, 0.17
7247, 0.30
7248, 0.29
7249, 0.45
7250, 0.41
7251, 0.66
7252, 0.80
7253, 0.56
7254, 0.41
7255, 0.98
7256, 0.41
7257, 0.52
7258, 0.99
7259, 0.47
7260, 0.30
7261, 0.30
7262, 0.82
7263, 0.59
7264, 0.43
7265, 0.34
7266, 0.36
7267, 0.94
7268, 0.50
7269, 0.89
7270, 0.36
7271, 0.46
7272, 0.43
7273, 0.45
7274, 0.79
7275, 0.81
7276, 0.61
7277, 0.45
7278, 0.58
7279, 0.34
7280, 0.51
7281, 0.46
7282, 0.34
7283, 0.44
7284, 0.46
7285, 0.62
7286, 0.48
7287, 0.58
7288, 0.56
7289, 0.51
7290, 0.50
7291, 0.64
7292, 0.40
7293, 0.61
7294, 0.29
7295, 0.15
7296, 0.93
7297, 0.73
7298, 0.96
7299, 0.60
7300, 0.46
7301, 0.47
7302, 0.54
7303, 0.42
7304, 0.08
7305, 0.53
7306, 0.51
7307, 0.48
7308, 0.28
7309, 0.35
7310, 0.55
7311, 0.35
7312, 0.52
7313, 0.45
7314, 0.43
7315, 0.47
7316, 0.44
7317, 0.52
7318, 0.45
7319, 0.53
7320, 0.44
7321, 0.57
7322, 0.89
7323, 0.26
7324, 0.82
7325, 0.55
7326, 0.40
7327, 0.58
7328, 0.51
7329, 0.52
7330, 0.42
7331, 0.48
7332, 0.37
7333, 0.52
7334, 0.69
7335, 0.52
7336, 0.44
7337, 0.44
7338, 0.39
7339, 0.46
7340, 0.40
7341, 0.45
7342, 0.92
7343, 0.69
7344, 0.39
7345, 0.19
7346, 0.41
7347, 0.91
7348, 0.24
7349, 0.97
7350, 0.27
7351, 0.86
7352, 0.54
7353, 0.36
7354, 0.92
7355, 0.96
7356, 0.44
7357, 0.50
7358, 0.14
7359, 0.51
7360, 0.51
7361, 0.59
7362, 0.91
7363, 0.44
7364, 0.53
7365, 0.54
7366, 0.45
7367, 0.90
7368, 0.46
7369, 0.50
7370, 0.50
7371, 0.47
7372, 0.33
7373, 1.00
7374, 0.46
7375, 0.59
7376, 0.99
7377, 0.11
7378, 0.55
7379, 0.45
7380, 0.61
7381, 0.42
7382, 0.34
7383, 0.77
7384, 0.46
7385, 0.17
7386, 0.51
7387, 0.42
7388, 0.54
7389, 0.87
7390, 0.66
7391, 0.55
7392, 0.38
7393, 0.46
7394, 0.93
7395, 0.61
7396, 0.51
7397, 0.56
7398, 0.37
7399, 0.27
7400, 0.36
7401, 0.97
7402, 0.62
7403, 0.38
7404, 0.48
7405, 0.48
7406, 0.19
7407, 0.52
7408, 0.43
7409, 0.13
7410, 0.38
7411, 0.13
7412, 0.45
7413, 0.13
7414, 0.83
7415, 0.67
7416, 0.10
7417, 0.90
7418, 0.20
7419, 0.41
7420, 1.05
7421, 0.39
