Id,Predicted
0, 0.30
1, 0.14
2, 0.56
3, 0.32
4, 0.96
5, 0.19
6, 0.63
7, 0.36
8, 0.39
9, 0.68
10, 0.52
11, 0.55
12, 0.40
13, 0.55
14, 0.89
15, 0.89
16, 0.85
17, 0.52
18, 0.53
19, 0.36
20, 0.42
21, 0.87
22, 0.50
23, 0.54
24, 0.50
25, 0.45
26, 0.59
27, 0.51
28, 0.51
29, 0.50
30, 0.52
31, 0.44
32, 0.50
33, 0.37
34, 0.66
35, 0.42
36, 0.41
37, 0.47
38, 0.54
39, 0.93
40, 0.52
41, 0.35
42, 0.52
43, 0.34
44, 0.81
45, 0.57
46, 0.47
47, 0.16
48, 0.42
49, 0.52
50, 0.26
51, 0.13
52, 0.13
53, 0.43
54, 0.37
55, 0.48
56, 0.41
57, 0.29
58, 0.27
59, 0.49
60, 0.60
61, 0.41
62, 0.14
63, 0.86
64, 0.93
65, 0.45
66, 0.73
67, 0.48
68, 0.10
69, 0.45
70, 0.60
71, 0.97
72, 0.83
73, 0.39
74, 0.05
75, 0.64
76, 0.59
77, 0.51
78, 0.43
79, 0.15
80, 0.49
81, 0.48
82, 0.50
83, 0.96
84, 0.55
85, 0.70
86, 0.53
87, 0.47
88, 0.44
89, 0.96
90, 0.44
91, 0.97
92, 0.48
93, 0.41
94, 0.89
95, 0.43
96, 0.20
97, 0.43
98, 0.91
99, 0.42
100, 0.51
101, 0.50
102, 0.08
103, 0.60
104, 0.56
105, 0.40
106, 0.48
107, 0.38
108, 0.38
109, 0.65
110, 0.15
111, 0.51
112, 0.39
113, 0.54
114, 0.45
115, 0.40
116, 0.54
117, 0.52
118, 0.13
119, 0.37
120, 0.17
121, 0.66
122, 0.39
123, 0.41
124, 0.46
125, 0.09
126, 0.59
127, 0.61
128, 0.64
129, 0.40
130, 0.17
131, 0.82
132, 0.22
133, 0.40
134, 0.47
135, 0.51
136, 0.22
137, 0.30
138, 0.50
139, 0.71
140, 0.52
141, 0.43
142, 0.51
143, 0.96
144, 0.97
145, 0.55
146, 0.45
147, 0.43
148, 0.41
149, 0.34
150, 0.31
151, 0.89
152, 0.23
153, 0.24
154, 0.47
155, 0.59
156, 0.30
157, 0.51
158, 0.56
159, 0.27
160, 0.59
161, 0.47
162, 0.86
163, 0.16
164, 0.53
165, 0.59
166, 0.19
167, 0.45
168, 0.96
169, 0.37
170, 0.43
171, 0.45
172, 0.74
173, 0.68
174, 0.38
175, 0.59
176, 0.25
177, 0.15
178, 0.57
179, 0.42
180, 0.44
181, 0.50
182, 0.82
183, 0.43
184, 0.28
185, 0.50
186, 0.48
187, 0.46
188, 0.66
189, 0.48
190, 0.60
191, 0.51
192, 0.50
193, 0.39
194, 0.34
195, 0.15
196, 0.49
197, 0.60
198, 0.14
199, 0.20
200, 0.47
201, 0.41
202, 0.46
203, 0.38
204, 0.73
205, 0.33
206, 0.12
207, 0.48
208, 0.90
209, 0.52
210, 0.40
211, 0.50
212, 0.37
213, 0.52
214, 0.35
215, 0.52
216, 0.52
217, 0.57
218, 0.47
219, 0.15
220, 0.13
221, 0.44
222, 0.32
223, 0.22
224, 0.41
225, 0.47
226, 0.42
227, 0.78
228, 0.68
229, 0.39
230, 0.17
231, 0.18
232, 0.44
233, 0.43
234, 0.22
235, 0.19
236, 0.48
237, 0.14
238, 0.56
239, 0.43
240, 0.38
241, 0.61
242, 0.14
243, 0.13
244, 0.44
245, 0.35
246, 0.49
247, 0.60
248, 0.43
249, 0.13
250, 0.97
251, 0.44
252, 0.51
253, 0.15
254, 0.45
255, 0.58
256, 0.48
257, 0.63
258, 0.57
259, 0.42
260, 0.10
261, 0.14
262, 0.24
263, 0.95
264, 0.49
265, 0.49
266, 0.36
267, 0.71
268, 0.46
269, 0.46
270, 0.50
271, 0.39
272, 0.41
273, 0.44
274, 0.67
275, 0.58
276, 0.44
277, 0.16
278, 0.62
279, 0.36
280, 0.93
281, 0.63
282, 0.96
283, 0.46
284, 0.57
285, 0.67
286, 0.48
287, 0.45
288, 0.92
289, 0.47
290, 0.44
291, 0.45
292, 0.86
293, 0.40
294, 0.27
295, 0.57
296, 0.21
297, 0.48
298, 0.37
299, 0.46
300, 0.36
301, 0.47
302, 0.32
303, 0.43
304, 0.50
305, 0.60
306, 0.52
307, 0.51
308, 0.48
309, 0.42
310, 0.51
311, 0.14
312, 0.94
313, 0.41
314, 0.54
315, 0.43
316, 0.47
317, 0.62
318, 0.34
319, 0.10
320, 0.19
321, 0.98
322, 0.22
323, 0.17
324, 0.62
325, 0.80
326, 0.54
327, 0.39
328, 0.41
329, 0.46
330, 0.22
331, 0.51
332, 0.14
333, 0.13
334, 0.93
335, 0.55
336, 0.34
337, 0.46
338, 0.48
339, 0.55
340, 0.48
341, 0.47
342, 0.35
343, 0.13
344, 0.92
345, 0.52
346, 0.25
347, 0.37
348, 0.41
349, 0.61
350, 0.93
351, 0.39
352, 0.62
353, 0.71
354, 0.47
355, 0.46
356, 0.41
357, 0.29
358, 0.42
359, 0.48
360, 0.38
361, 0.49
362, 0.48
363, 0.56
364, 0.59
365, 0.49
366, 0.51
367, 0.88
368, 0.48
369, 0.19
370, 0.36
371, 0.60
372, 0.43
373, 0.73
374, 0.87
375, 0.59
376, 0.50
377, 0.37
378, 0.50
379, 0.46
380, 0.48
381, 0.26
382, 0.19
383, 0.49
384, 0.43
385, 0.41
386, 0.22
387, 0.47
388, 0.56
389, 0.21
390, 0.96
391, 0.39
392, 0.57
393, 0.42
394, 0.50
395, 0.47
396, 0.51
397, 0.21
398, 0.46
399, 0.67
400, 0.50
401, 0.52
402, 0.57
403, 0.52
404, 0.31
405, 0.54
406, 0.17
407, 0.45
408, 0.45
409, 0.30
410, 0.14
411, 0.46
412, 0.43
413, 0.50
414, 0.14
415, 0.45
416, 0.40
417, 0.88
418, 0.48
419, 0.45
420, 0.53
421, 0.49
422, 0.46
423, 0.55
424, 0.90
425, 0.65
426, 0.47
427, 0.78
428, 1.05
429, 0.21
430, 0.45
431, 0.50
432, 0.47
433, 0.25
434, 1.00
435, 0.56
436, 0.56
437, 0.42
438, 0.52
439, 0.18
440, 0.85
441, 0.47
442, 0.34
443, 0.37
444, 0.52
445, 0.49
446, 0.49
447, 0.17
448, 0.43
449, 0.84
450, 0.50
451, 0.19
452, 0.60
453, 0.53
454, 0.40
455, 0.38
456, 0.40
457, 0.34
458, 0.58
459, 0.45
460, 0.63
461, 0.49
462, 0.53
463, 0.96
464, 0.86
465, 0.45
466, 0.49
467, 0.57
468, 0.93
469, 0.48
470, 0.41
471, 0.45
472, 0.30
473, 0.58
474, 0.79
475, 0.74
476, 1.00
477, 0.48
478, 0.17
479, 0.31
480, 0.42
481, 0.90
482, 0.94
483, 0.48
484, 0.27
485, 0.59
486, 0.34
487, 0.87
488, 0.37
489, 0.39
490, 0.22
491, 0.17
492, 0.45
493, 0.50
494, 0.36
495, 0.31
496, 0.27
497, 0.58
498, 0.78
499, 0.75
500, 0.80
501, 0.41
502, 0.22
503, 0.53
504, 0.52
505, 0.94
506, 0.55
507, 0.97
508, 0.52
509, 0.37
510, 0.58
511, 0.49
512, 0.44
513, 0.41
514, 0.43
515, 0.55
516, 0.29
517, 0.65
518, 0.41
519, 0.40
520, 0.23
521, 0.49
522, 0.18
523, 0.47
524, 0.58
525, 0.47
526, 0.38
527, 0.61
528, 0.53
529, 0.42
530, 0.48
531, 0.49
532, 0.37
533, 0.56
534, 0.40
535, 0.46
536, 0.37
537, 0.48
538, 0.53
539, 0.21
540, 0.97
541, 0.45
542, 0.51
543, 0.93
544, 0.45
545, 0.49
546, 0.88
547, 0.44
548, 0.35
549, 0.39
550, 0.39
551, 0.39
552, 0.95
553, 0.16
554, 0.53
555, 0.44
556, 0.11
557, 0.94
558, 0.63
559, 0.62
560, 0.49
561, 0.30
562, 0.67
563, 0.93
564, 0.36
565, 0.95
566, 0.45
567, 0.92
568, 0.52
569, 0.89
570, 0.50
571, 0.56
572, 0.51
573, 0.14
574, 0.45
575, 0.63
576, 0.65
577, 0.77
578, 0.50
579, 0.76
580, 0.46
581, 0.52
582, 0.37
583, 0.45
584, 0.35
585, 0.40
586, 0.14
587, 0.45
588, 0.24
589, 0.22
590, 0.48
591, 0.56
592, 0.59
593, 0.96
594, 0.47
595, 0.86
596, 0.36
597, 0.49
598, 0.55
599, 0.54
600, 0.61
601, 1.00
602, 0.68
603, 0.40
604, 0.61
605, 0.19
606, 0.33
607, 0.19
608, 0.93
609, 0.54
610, 0.59
611, 0.52
612, 0.38
613, 0.44
614, 0.57
615, 0.37
616, 0.40
617, 0.51
618, 0.41
619, 0.20
620, 0.45
621, 0.50
622, 0.53
623, 0.49
624, 0.32
625, 0.48
626, 0.35
627, 0.94
628, 0.47
629, 0.59
630, 0.40
631, 0.41
632, 0.22
633, 0.45
634, 0.84
635, 0.55
636, 1.04
637, 0.50
638, 0.16
639, 0.52
640, 0.39
641, 0.49
642, 0.48
643, 0.59
644, 0.61
645, 0.52
646, 0.39
647, 0.44
648, 0.89
649, 0.49
650, 0.41
651, 0.47
652, 0.62
653, 0.62
654, 0.92
655, 0.31
656, 0.52
657, 0.48
658, 0.25
659, 0.38
660, 0.91
661, 0.53
662, 0.53
663, 0.46
664, 0.34
665, 0.39
666, 0.44
667, 0.93
668, 0.58
669, 0.91
670, 0.53
671, 0.56
672, 0.95
673, 0.63
674, 0.51
675, 0.91
676, 0.17
677, 0.24
678, 0.18
679, 0.49
680, 0.96
681, 0.80
682, 0.44
683, 0.40
684, 0.55
685, 0.40
686, 0.46
687, 0.56
688, 0.34
689, 0.22
690, 0.66
691, 0.59
692, 0.53
693, 0.33
694, 0.66
695, 0.41
696, 0.69
697, 0.45
698, 0.39
699, 0.52
700, 0.34
701, 0.31
702, 0.44
703, 0.48
704, 0.33
705, 0.42
706, 0.32
707, 0.15
708, 0.34
709, 0.18
710, 0.94
711, 0.50
712, 0.54
713, 0.48
714, 0.49
715, 0.37
716, 0.26
717, 0.36
718, 0.42
719, 0.48
720, 0.08
721, 0.62
722, 0.24
723, 0.37
724, 0.31
725, 0.47
726, 0.59
727, 0.50
728, 0.47
729, 0.27
730, 0.40
731, 0.18
732, 0.43
733, 0.93
734, 0.27
735, 0.44
736, 0.50
737, 0.11
738, 0.50
739, 0.36
740, 0.56
741, 0.16
742, 0.48
743, 0.27
744, 0.89
745, 0.40
746, 0.37
747, 0.48
748, 0.36
749, 0.87
750, 0.48
751, 0.41
752, 0.61
753, 0.87
754, 0.52
755, 0.33
756, 0.50
757, 0.69
758, 0.15
759, 0.47
760, 0.06
761, 0.58
762, 0.46
763, 0.38
764, 0.26
765, 0.17
766, 0.74
767, 0.35
768, 0.22
769, 0.41
770, 0.56
771, 0.62
772, 0.43
773, 0.45
774, 0.47
775, 0.51
776, 0.62
777, 0.42
778, 0.62
779, 0.51
780, 0.47
781, 0.60
782, 0.70
783, 0.43
784, 0.42
785, 0.40
786, 0.39
787, 0.38
788, 0.88
789, 0.18
790, 0.33
791, 0.66
792, 0.42
793, 0.26
794, 0.47
795, 0.52
796, 0.22
797, 0.49
798, 0.54
799, 0.95
800, 0.50
801, 0.67
802, 0.51
803, 0.89
804, 0.44
805, 0.45
806, 0.51
807, 0.56
808, 0.20
809, 0.09
810, 0.47
811, 0.57
812, 0.87
813, 0.15
814, 0.43
815, 0.31
816, 0.60
817, 0.34
818, 0.42
819, 0.42
820, 0.45
821, 0.11
822, 0.86
823, 0.42
824, 0.26
825, 0.15
826, 0.50
827, 0.59
828, 0.92
829, 0.45
830, 0.22
831, 0.57
832, 0.39
833, 0.48
834, 0.57
835, 0.46
836, 0.62
837, 0.43
838, 0.68
839, 0.44
840, 0.15
841, 0.50
842, 0.42
843, 0.64
844, 0.38
845, 0.47
846, 0.59
847, 0.07
848, 0.36
849, 0.51
850, 0.12
851, 0.47
852, 0.19
853, 0.54
854, 0.54
855, 0.95
856, 0.48
857, 0.39
858, 0.47
859, 0.61
860, 0.58
861, 0.48
862, 0.51
863, 0.45
864, 0.56
865, 0.48
866, 0.44
867, 0.18
868, 0.42
869, 0.35
870, 0.15
871, 0.61
872, 0.90
873, 0.93
874, 0.16
875, 0.13
876, 0.40
877, 0.59
878, 0.42
879, 0.51
880, 0.59
881, 0.38
882, 0.38
883, 0.59
884, 0.37
885, 0.42
886, 0.98
887, 0.38
888, 0.56
889, 0.42
890, 0.83
891, 0.49
892, 0.56
893, 0.29
894, 0.91
895, 0.52
896, 0.40
897, 0.52
898, 0.53
899, 0.12
900, 0.48
901, 0.45
902, 0.56
903, 0.47
904, 0.92
905, 0.95
906, 0.40
907, 0.53
908, 0.18
909, 0.43
910, 0.86
911, 0.51
912, 0.29
913, 0.29
914, 0.26
915, 0.53
916, 0.57
917, 0.97
918, 0.52
919, 0.51
920, 0.47
921, 0.45
922, 0.47
923, 0.62
924, 0.57
925, 0.45
926, 0.43
927, 0.95
928, 0.14
929, 0.88
930, 0.49
931, 0.35
932, 0.40
933, 0.51
934, 0.50
935, 0.37
936, 0.52
937, 0.35
938, 0.47
939, 0.70
940, 0.46
941, 0.18
942, 0.43
943, 0.44
944, 0.53
945, 0.35
946, 0.55
947, 0.94
948, 0.20
949, 0.29
950, 0.53
951, 0.46
952, 0.38
953, 0.54
954, 0.33
955, 0.38
956, 0.49
957, 0.50
958, 0.49
959, 0.21
960, 0.32
961, 0.56
962, 0.47
963, 0.77
964, 0.54
965, 0.45
966, 0.39
967, 0.57
968, 0.38
969, 0.51
970, 0.35
971, 0.18
972, 0.46
973, 0.16
974, 0.51
975, 0.57
976, 0.55
977, 0.50
978, 0.33
979, 0.48
980, 0.45
981, 0.48
982, 0.51
983, 0.52
984, 0.43
985, 0.50
986, 0.26
987, 0.49
988, 0.57
989, 0.46
990, 0.16
991, 0.28
992, 0.35
993, 0.44
994, 0.22
995, 0.42
996, 0.47
997, 0.47
998, 0.28
999, 0.50
1000, 0.41
1001, 0.48
1002, 0.40
1003, 0.53
1004, 0.97
1005, 0.28
1006, 0.35
1007, 0.89
1008, 0.47
1009, 0.38
1010, 0.42
1011, 0.38
1012, 0.55
1013, 0.38
1014, 0.10
1015, 0.45
1016, 0.59
1017, 0.46
1018, 0.53
1019, 0.64
1020, 0.19
1021, 0.63
1022, 0.53
1023, 0.49
1024, 0.47
1025, 0.32
1026, 0.96
1027, 0.52
1028, 0.92
1029, 0.42
1030, 0.21
1031, 0.94
1032, 0.48
1033, 0.50
1034, 0.52
1035, 0.82
1036, 0.47
1037, 0.47
1038, 0.46
1039, 0.56
1040, 0.52
1041, 0.60
1042, 0.88
1043, 0.46
1044, 0.43
1045, 0.55
1046, 0.39
1047, 0.36
1048, 0.37
1049, 0.29
1050, 0.41
1051, 0.69
1052, 0.65
1053, 0.29
1054, 0.17
1055, 0.92
1056, 0.12
1057, 0.38
1058, 0.48
1059, 0.47
1060, 0.56
1061, 0.41
1062, 0.52
1063, 0.43
1064, 0.99
1065, 0.45
1066, 1.00
1067, 0.41
1068, 0.24
1069, 0.57
1070, 0.83
1071, 0.53
1072, 0.51
1073, 0.58
1074, 0.15
1075, 0.19
1076, 0.33
1077, 0.42
1078, 0.36
1079, 0.20
1080, 0.13
1081, 0.44
1082, 0.49
1083, 0.92
1084, 0.63
1085, 0.65
1086, 0.43
1087, 0.53
1088, 0.52
1089, 0.56
1090, 0.43
1091, 0.42
1092, 0.31
1093, 0.39
1094, 0.38
1095, 0.39
1096, 0.39
1097, 0.48
1098, 0.69
1099, 0.41
1100, 0.55
1101, 0.25
1102, 0.59
1103, 0.40
1104, 0.50
1105, 0.45
1106, 0.33
1107, 0.48
1108, 0.36
1109, 0.21
1110, 0.60
1111, 0.36
1112, 0.46
1113, 0.48
1114, 0.82
1115, 0.57
1116, 0.54
1117, 0.36
1118, 0.61
1119, 0.69
1120, 0.85
1121, 0.37
1122, 0.45
1123, 0.74
1124, 0.93
1125, 0.27
1126, 0.44
1127, 0.44
1128, 0.66
1129, 0.17
1130, 0.46
1131, 0.46
1132, 0.53
1133, 0.47
1134, 0.40
1135, 0.40
1136, 0.41
1137, 0.44
1138, 0.47
1139, 0.39
1140, 0.90
1141, 0.17
1142, 0.26
1143, 0.62
1144, 0.53
1145, 0.37
1146, 0.48
1147, 0.22
1148, 0.93
1149, 0.93
1150, 0.44
1151, 0.36
1152, 0.92
1153, 0.16
1154, 0.13
1155, 0.10
1156, 0.18
1157, 0.37
1158, 0.44
1159, 0.53
1160, 0.53
1161, 0.54
1162, 0.39
1163, 0.44
1164, 0.35
1165, 0.95
1166, 0.45
1167, 0.52
1168, 0.61
1169, 0.55
1170, 0.42
1171, 0.57
1172, 0.93
1173, 0.39
1174, 0.98
1175, 0.60
1176, 0.51
1177, 0.42
1178, 0.41
1179, 0.55
1180, 0.38
1181, 0.51
1182, 0.29
1183, 0.53
1184, 0.72
1185, 0.41
1186, 0.88
1187, 0.79
1188, 0.42
1189, 0.52
1190, 0.50
1191, 0.93
1192, 0.41
1193, 0.55
1194, 0.50
1195, 0.58
1196, 0.43
1197, 0.41
1198, 0.46
1199, 0.90
1200, 0.41
1201, 0.40
1202, 0.50
1203, 0.96
1204, 0.41
1205, 0.45
1206, 0.45
1207, 0.49
1208, 0.34
1209, 0.26
1210, 0.44
1211, 0.69
1212, 0.46
1213, 0.52
1214, 0.40
1215, 0.54
1216, 0.55
1217, 0.28
1218, 0.40
1219, 0.45
1220, 0.14
1221, 0.89
1222, 0.48
1223, 0.60
1224, 0.76
1225, 0.45
1226, 0.42
1227, 0.12
1228, 0.57
1229, 0.50
1230, 0.60
1231, 0.50
1232, 0.64
1233, 0.29
1234, 0.57
1235, 0.39
1236, 0.51
1237, 0.44
1238, 0.53
1239, 0.19
1240, 0.43
1241, 0.14
1242, 0.50
1243, 0.78
1244, 0.40
1245, 0.57
1246, 0.43
1247, 0.12
1248, 0.74
1249, 0.46
1250, 0.52
1251, 0.57
1252, 0.62
1253, 0.54
1254, 0.43
1255, 0.50
1256, 0.99
1257, 0.91
1258, 0.55
1259, 0.47
1260, 0.28
1261, 0.52
1262, 0.43
1263, 0.35
1264, 0.51
1265, 0.51
1266, 0.64
1267, 0.43
1268, 0.56
1269, 0.40
1270, 0.19
1271, 0.45
1272, 0.62
1273, 0.95
1274, 0.48
1275, 0.42
1276, 0.49
1277, 0.35
1278, 0.48
1279, 0.91
1280, 0.42
1281, 0.49
1282, 0.41
1283, 0.50
1284, 0.54
1285, 0.88
1286, 0.81
1287, 0.69
1288, 0.51
1289, 0.44
1290, 0.52
1291, 0.93
1292, 0.36
1293, 0.94
1294, 0.57
1295, 0.54
1296, 0.42
1297, 0.61
1298, 0.29
1299, 0.48
1300, 0.41
1301, 0.63
1302, 0.15
1303, 0.46
1304, 0.32
1305, 0.51
1306, 0.99
1307, 0.46
1308, 0.48
1309, 0.30
1310, 0.36
1311, 0.43
1312, 0.15
1313, 0.47
1314, 0.24
1315, 0.97
1316, 0.33
1317, 0.07
1318, 0.52
1319, 0.56
1320, 0.43
1321, 0.44
1322, 0.25
1323, 0.58
1324, 0.44
1325, 0.55
1326, 0.47
1327, 0.35
1328, 0.83
1329, 0.88
1330, 0.43
1331, 0.53
1332, 0.85
1333, 0.38
1334, 0.59
1335, 0.62
1336, 0.48
1337, 0.36
1338, 0.51
1339, 0.98
1340, 0.49
1341, 0.20
1342, 0.41
1343, 0.59
1344, 0.47
1345, 0.95
1346, 0.36
1347, 0.41
1348, 0.27
1349, 0.41
1350, 0.49
1351, 0.35
1352, 0.12
1353, 0.38
1354, 0.59
1355, 0.48
1356, 0.29
1357, 0.42
1358, 0.69
1359, 0.37
1360, 0.45
1361, 0.43
1362, 0.91
1363, 0.45
1364, 0.46
1365, 0.40
1366, 0.44
1367, 0.89
1368, 0.47
1369, 0.54
1370, 0.85
1371, 0.23
1372, 0.46
1373, 0.22
1374, 0.27
1375, 1.01
1376, 0.55
1377, 0.12
1378, 0.53
1379, 0.48
1380, 0.48
1381, 0.49
1382, 0.23
1383, 0.42
1384, 0.54
1385, 0.59
1386, 0.53
1387, 0.40
1388, 0.56
1389, 0.44
1390, 0.53
1391, 0.77
1392, 0.54
1393, 0.54
1394, 0.92
1395, 0.40
1396, 0.55
1397, 0.14
1398, 0.47
1399, 0.42
1400, 0.46
1401, 0.45
1402, 0.44
1403, 0.29
1404, 0.21
1405, 0.17
1406, 0.39
1407, 0.60
1408, 0.48
1409, 0.62
1410, 0.93
1411, 0.48
1412, 0.97
1413, 0.54
1414, 0.58
1415, 0.10
1416, 0.49
1417, 0.40
1418, 0.39
1419, 0.37
1420, 0.57
1421, 0.30
1422, 0.43
1423, 0.38
1424, 0.46
1425, 0.58
1426, 0.49
1427, 0.53
1428, 0.53
1429, 0.15
1430, 0.50
1431, 0.47
1432, 0.54
1433, 0.43
1434, 0.59
1435, 0.19
1436, 0.44
1437, 0.55
1438, 0.14
1439, 0.66
1440, 0.47
1441, 0.43
1442, 0.47
1443, 0.38
1444, 0.58
1445, 0.35
1446, 0.18
1447, 0.07
1448, 0.20
1449, 0.26
1450, 0.48
1451, 0.57
1452, 0.80
1453, 0.92
1454, 0.31
1455, 0.46
1456, 0.38
1457, 0.45
1458, 0.14
1459, 0.48
1460, 0.42
1461, 0.20
1462, 0.43
1463, 0.08
1464, 0.54
1465, 0.23
1466, 0.63
1467, 0.19
1468, 0.67
1469, 0.55
1470, 0.41
1471, 0.42
1472, 0.16
1473, 0.25
1474, 0.37
1475, 0.90
1476, 0.34
1477, 0.50
1478, 0.10
1479, 0.42
1480, 0.78
1481, 0.58
1482, 0.42
1483, 0.62
1484, 0.49
1485, 0.56
1486, 0.52
1487, 0.98
1488, 0.23
1489, 0.65
1490, 0.15
1491, 0.45
1492, 0.61
1493, 0.43
1494, 0.66
1495, 0.95
1496, 0.43
1497, 0.69
1498, 0.03
1499, 0.47
1500, 0.43
1501, 0.43
1502, 0.32
1503, 0.65
1504, 0.28
1505, 0.59
1506, 0.50
1507, 0.63
1508, 0.60
1509, 0.45
1510, 0.59
1511, 0.51
1512, 0.29
1513, 0.29
1514, 0.32
1515, 0.44
1516, 0.49
1517, 0.56
1518, 0.60
1519, 0.19
1520, 0.14
1521, 0.20
1522, 0.41
1523, 0.16
1524, 0.46
1525, 0.62
1526, 0.24
1527, 0.14
1528, 0.66
1529, 0.62
1530, 0.39
1531, 0.89
1532, 0.35
1533, 0.73
1534, 0.49
1535, 0.67
1536, 0.37
1537, 0.67
1538, 0.97
1539, 0.46
1540, 0.48
1541, 0.95
1542, 0.58
1543, 0.34
1544, 0.47
1545, 0.52
1546, 0.60
1547, 0.50
1548, 0.48
1549, 0.63
1550, 0.34
1551, 0.42
1552, 0.47
1553, 0.37
1554, 0.41
1555, 0.15
1556, 0.39
1557, 0.99
1558, 0.44
1559, 0.42
1560, 0.93
1561, 0.49
1562, 0.21
1563, 0.20
1564, 0.94
1565, 0.82
1566, 0.54
1567, 0.62
1568, 0.45
1569, 0.87
1570, 0.54
1571, 0.82
1572, 0.93
1573, 0.14
1574, 0.18
1575, 0.39
1576, 0.87
1577, 0.98
1578, 0.98
1579, 0.39
1580, 0.32
1581, 0.36
1582, 0.42
1583, 0.62
1584, 0.18
1585, 0.44
1586, 0.19
1587, 0.51
1588, 0.54
1589, 0.86
1590, 0.47
1591, 0.94
1592, 0.50
1593, 0.45
1594, 0.44
1595, 0.26
1596, 0.55
1597, 0.57
1598, 0.82
1599, 0.51
1600, 0.18
1601, 0.39
1602, 0.71
1603, 0.51
1604, 0.46
1605, 0.20
1606, 0.49
1607, 0.52
1608, 0.46
1609, 0.39
1610, 0.63
1611, 0.50
1612, 0.33
1613, 0.26
1614, 0.70
1615, 0.92
1616, 0.44
1617, 0.57
1618, 0.76
1619, 0.43
1620, 0.97
1621, 0.46
1622, 0.86
1623, 0.43
1624, 0.73
1625, 0.56
1626, 0.43
1627, 0.58
1628, 0.63
1629, 0.48
1630, 0.75
1631, 0.40
1632, 0.38
1633, 0.35
1634, 0.55
1635, 0.46
1636, 0.97
1637, 0.54
1638, 0.50
1639, 0.21
1640, 0.11
1641, 0.43
1642, 0.93
1643, 0.69
1644, 0.50
1645, 0.40
1646, 0.14
1647, 0.90
1648, 0.67
1649, 0.14
1650, 0.47
1651, 0.44
1652, 0.15
1653, 1.00
1654, 0.15
1655, 0.53
1656, 0.29
1657, 0.35
1658, 0.46
1659, 0.64
1660, 0.49
1661, 0.13
1662, 0.50
1663, 0.54
1664, 0.46
1665, 0.87
1666, 0.37
1667, 0.59
1668, 0.18
1669, 0.51
1670, 0.50
1671, 0.91
1672, 0.41
1673, 0.47
1674, 0.51
1675, 0.15
1676, 0.43
1677, 0.62
1678, 0.45
1679, 0.78
1680, 0.48
1681, 0.62
1682, 0.87
1683, 0.34
1684, 0.39
1685, 0.72
1686, 0.66
1687, 0.50
1688, 0.15
1689, 0.43
1690, 0.55
1691, 0.58
1692, 0.37
1693, 0.15
1694, 0.56
1695, 0.58
1696, 0.46
1697, 0.97
1698, 0.39
1699, 0.46
1700, 0.41
1701, 0.58
1702, 0.67
1703, 0.94
1704, 0.30
1705, 0.49
1706, 0.95
1707, 0.37
1708, 0.45
1709, 0.53
1710, 0.20
1711, 0.55
1712, 0.51
1713, 0.57
1714, 0.51
1715, 0.96
1716, 0.71
1717, 0.48
1718, 0.14
1719, 0.35
1720, 0.49
1721, 0.42
1722, 0.46
1723, 0.37
1724, 0.41
1725, 0.54
1726, 0.83
1727, 0.44
1728, 0.55
1729, 0.84
1730, 0.40
1731, 0.38
1732, 0.52
1733, 0.58
1734, 0.43
1735, 0.49
1736, 0.54
1737, 0.22
1738, 0.92
1739, 0.40
1740, 0.93
1741, 0.59
1742, 0.56
1743, 0.28
1744, 0.32
1745, 0.42
1746, 0.43
1747, 0.51
1748, 0.49
1749, 0.44
1750, 0.60
1751, 0.36
1752, 0.46
1753, 0.66
1754, 0.86
1755, 0.65
1756, 0.32
1757, 0.90
1758, 0.39
1759, 0.65
1760, 0.48
1761, 0.66
1762, 0.41
1763, 0.49
1764, 0.59
1765, 0.59
1766, 0.60
1767, 0.86
1768, 0.33
1769, 0.56
1770, 0.39
1771, 0.43
1772, 0.42
1773, 0.47
1774, 0.43
1775, 0.47
1776, 0.46
1777, 0.44
1778, 0.58
1779, 0.44
1780, 0.97
1781, 0.52
1782, 0.40
1783, 0.46
1784, 0.19
1785, 0.45
1786, 0.49
1787, 0.81
1788, 0.51
1789, 0.39
1790, 0.51
1791, 0.16
1792, 0.52
1793, 0.48
1794, 0.38
1795, 0.13
1796, 0.30
1797, 0.59
1798, 0.18
1799, 0.38
1800, 0.93
1801, 0.46
1802, 0.51
1803, 0.58
1804, 0.38
1805, 0.41
1806, 0.97
1807, 0.53
1808, 0.49
1809, 0.52
1810, 0.53
1811, 0.46
1812, 0.55
1813, 0.64
1814, 0.44
1815, 0.56
1816, 0.24
1817, 0.54
1818, 0.63
1819, 0.40
1820, 0.52
1821, 0.52
1822, 0.49
1823, 0.17
1824, 0.44
1825, 0.42
1826, 0.48
1827, 0.37
1828, 0.13
1829, 0.53
1830, 0.48
1831, 0.48
1832, 0.27
1833, 0.95
1834, 0.45
1835, 0.22
1836, 0.73
1837, 0.50
1838, 0.41
1839, 0.29
1840, 0.42
1841, 0.45
1842, 0.30
1843, 0.21
1844, 0.48
1845, 0.45
1846, 0.78
1847, 0.31
1848, 0.48
1849, 0.32
1850, 0.48
1851, 0.53
1852, 0.42
1853, 0.60
1854, 0.49
1855, 0.43
1856, 0.62
1857, 0.24
1858, 0.32
1859, 0.48
1860, 0.21
1861, 0.46
1862, 0.80
1863, -0.02
1864, 0.37
1865, 0.54
1866, 0.54
1867, 0.45
1868, 0.44
1869, 0.52
1870, 0.38
1871, 0.45
1872, 0.47
1873, 0.56
1874, 0.44
1875, 0.75
1876, 0.94
1877, 0.51
1878, 0.40
1879, 0.68
1880, 0.91
1881, 0.87
1882, 0.61
1883, 0.18
1884, 0.58
1885, 0.13
1886, 0.39
1887, 0.14
1888, 0.40
1889, 0.53
1890, 0.53
1891, 0.54
1892, 0.88
1893, 0.52
1894, 0.24
1895, 0.63
1896, 0.40
1897, 0.50
1898, 0.39
1899, 0.86
1900, 0.54
1901, 0.47
1902, 0.93
1903, 0.68
1904, 0.48
1905, 0.65
1906, 0.51
1907, 0.93
1908, 0.57
1909, 0.56
1910, 0.44
1911, 0.40
1912, 0.89
1913, 0.55
1914, 0.53
1915, 0.42
1916, 0.52
1917, 0.52
1918, 0.30
1919, 0.91
1920, 0.39
1921, 0.93
1922, 0.62
1923, 0.34
1924, 0.93
1925, 0.31
1926, 0.48
1927, 0.49
1928, 0.45
1929, 0.40
1930, 0.19
1931, 0.36
1932, 0.19
1933, 0.56
1934, 0.55
1935, 0.48
1936, 0.44
1937, 0.54
1938, 0.51
1939, 0.44
1940, 0.49
1941, 0.47
1942, 0.47
1943, 0.67
1944, 0.99
1945, 0.35
1946, 0.69
1947, 0.19
1948, 0.43
1949, 0.92
1950, 0.33
1951, 0.54
1952, 0.60
1953, 0.80
1954, 0.56
1955, 0.44
1956, 0.63
1957, 0.44
1958, 0.43
1959, 0.54
1960, 0.27
1961, 0.92
1962, 0.72
1963, 0.60
1964, 0.64
1965, 0.42
1966, 0.29
1967, 0.51
1968, 0.23
1969, 0.56
1970, 0.94
1971, 0.59
1972, 0.97
1973, 0.41
1974, 0.47
1975, 0.59
1976, 0.33
1977, 0.51
1978, 0.47
1979, 0.62
1980, 0.48
1981, 0.50
1982, 0.43
1983, 0.35
1984, 0.43
1985, 0.49
1986, 0.91
1987, 0.34
1988, 0.50
1989, 0.51
1990, 0.62
1991, 0.44
1992, 0.80
1993, 0.51
1994, 0.62
1995, 0.56
1996, 0.47
1997, 0.45
1998, 0.64
1999, 0.37
2000, 0.44
2001, 0.03
2002, 0.44
2003, 0.41
2004, 0.97
2005, 0.90
2006, 0.59
2007, 0.71
2008, 0.45
2009, 0.50
2010, 0.98
2011, 0.66
2012, 0.49
2013, 0.41
2014, 0.62
2015, 0.71
2016, 0.60
2017, 0.38
2018, 0.62
2019, 0.43
2020, 0.25
2021, 0.48
2022, 0.37
2023, 0.15
2024, 0.46
2025, 0.43
2026, 0.57
2027, 0.93
2028, 0.53
2029, 0.90
2030, 0.14
2031, 0.60
2032, 0.34
2033, 0.33
2034, 0.45
2035, 0.52
2036, 0.48
2037, 0.38
2038, 0.55
2039, 0.46
2040, 0.19
2041, 0.36
2042, 0.50
2043, 0.42
2044, 0.44
2045, 0.40
2046, 0.82
2047, 0.36
2048, 0.46
2049, 0.52
2050, 0.36
2051, 0.26
2052, 0.55
2053, 0.60
2054, 0.37
2055, 0.39
2056, 0.44
2057, 0.35
2058, 0.30
2059, 0.60
2060, 0.39
2061, 0.47
2062, 0.35
2063, 0.47
2064, 0.38
2065, 0.96
2066, 0.14
2067, 0.58
2068, 0.32
2069, 0.21
2070, 0.49
2071, 0.42
2072, 0.08
2073, 0.42
2074, 0.43
2075, 0.50
2076, 0.45
2077, 0.41
2078, 0.43
2079, 0.40
2080, 0.81
2081, 0.90
2082, 0.43
2083, 0.42
2084, 0.59
2085, 0.38
2086, 0.37
2087, 0.91
2088, 0.49
2089, 0.57
2090, 0.50
2091, 0.55
2092, 0.64
2093, 0.52
2094, 0.44
2095, 0.36
2096, 0.38
2097, 0.29
2098, 0.06
2099, 0.56
2100, 0.33
2101, 0.43
2102, 0.36
2103, 0.57
2104, 0.10
2105, 0.80
2106, 0.74
2107, 0.91
2108, 0.34
2109, 0.67
2110, 0.59
2111, 0.52
2112, 0.25
2113, 0.35
2114, 0.08
2115, 0.89
2116, 0.17
2117, 0.64
2118, 0.16
2119, 0.51
2120, 0.51
2121, 0.38
2122, 0.50
2123, 0.44
2124, 0.71
2125, 0.48
2126, 0.51
2127, 0.62
2128, 0.50
2129, 0.42
2130, 0.52
2131, 0.24
2132, 0.38
2133, 0.78
2134, 0.99
2135, 0.62
2136, 0.49
2137, 0.94
2138, 0.47
2139, 0.44
2140, 0.52
2141, 0.92
2142, 0.50
2143, 0.59
2144, 0.40
2145, 0.50
2146, 0.57
2147, 0.50
2148, 0.58
2149, 0.21
2150, 0.19
2151, 0.69
2152, 0.49
2153, 0.47
2154, 0.83
2155, 0.61
2156, 0.42
2157, 0.47
2158, 0.50
2159, 0.60
2160, 0.76
2161, 0.62
2162, 0.50
2163, 0.11
2164, 0.44
2165, 0.48
2166, 0.61
2167, 0.55
2168, 0.89
2169, 0.47
2170, 0.43
2171, 0.44
2172, 0.28
2173, 0.54
2174, 0.27
2175, 0.59
2176, 0.50
2177, 0.58
2178, 0.47
2179, 0.51
2180, 0.51
2181, 0.42
2182, 0.96
2183, 0.55
2184, 0.31
2185, 0.47
2186, 0.58
2187, 0.32
2188, 0.62
2189, 0.40
2190, 0.18
2191, 0.18
2192, 0.34
2193, 0.93
2194, 0.37
2195, 0.51
2196, 0.78
2197, 0.11
2198, 0.42
2199, 0.39
2200, 0.40
2201, 0.45
2202, 0.92
2203, 0.80
2204, 0.76
2205, 0.39
2206, 0.21
2207, 0.39
2208, 0.17
2209, 0.23
2210, 0.85
2211, 0.25
2212, 0.59
2213, 0.47
2214, 0.17
2215, 0.48
2216, 0.12
2217, 0.93
2218, 0.48
2219, 0.50
2220, 0.58
2221, 0.48
2222, 0.48
2223, 0.54
2224, 0.12
2225, 0.52
2226, 0.55
2227, 0.47
2228, 0.34
2229, 0.43
2230, 0.48
2231, 0.48
2232, 0.92
2233, 0.45
2234, 0.54
2235, 0.52
2236, 0.35
2237, 0.41
2238, 0.33
2239, 0.39
2240, 0.50
2241, 0.46
2242, 0.56
2243, 0.95
2244, 0.09
2245, 0.44
2246, 0.44
2247, 0.44
2248, 0.31
2249, 0.29
2250, 0.92
2251, 0.46
2252, 0.50
2253, 0.38
2254, 0.09
2255, 0.90
2256, 0.21
2257, 0.40
2258, 0.32
2259, 0.18
2260, 0.78
2261, 0.93
2262, 0.66
2263, 0.45
2264, 0.26
2265, 0.25
2266, 0.56
2267, 0.24
2268, 0.94
2269, 0.61
2270, 0.18
2271, 0.40
2272, 0.54
2273, 0.37
2274, 0.25
2275, 0.89
2276, 0.42
2277, 0.35
2278, 0.44
2279, 0.18
2280, 0.59
2281, 0.56
2282, 0.54
2283, 0.51
2284, 0.57
2285, 0.62
2286, 0.46
2287, 0.16
2288, 0.46
2289, 0.76
2290, 0.96
2291, 0.42
2292, 0.92
2293, 0.91
2294, 0.52
2295, 0.66
2296, 0.66
2297, 0.67
2298, 0.51
2299, 0.14
2300, 0.95
2301, 0.38
2302, 0.14
2303, 0.39
2304, 0.37
2305, 0.52
2306, 0.31
2307, 0.63
2308, 0.58
2309, 0.75
2310, 0.47
2311, 0.50
2312, 0.46
2313, 0.38
2314, 0.48
2315, 0.43
2316, 0.34
2317, 0.68
2318, 0.58
2319, 0.45
2320, 0.55
2321, 0.40
2322, 0.29
2323, 0.26
2324, 0.39
2325, 0.38
2326, 0.25
2327, 0.34
2328, 0.33
2329, 0.11
2330, 0.50
2331, 0.40
2332, 0.42
2333, 0.92
2334, 0.44
2335, 0.36
2336, 0.95
2337, 0.52
2338, 0.54
2339, 0.50
2340, 0.24
2341, 0.41
2342, 0.19
2343, 0.84
2344, 0.44
2345, 0.40
2346, 0.59
2347, 0.55
2348, 0.43
2349, 0.49
2350, 0.43
2351, 0.93
2352, 0.51
2353, 0.16
2354, 0.58
2355, 0.50
2356, 0.26
2357, 0.87
2358, 0.38
2359, 0.21
2360, 0.30
2361, 0.92
2362, 0.48
2363, 1.03
2364, 0.65
2365, 0.70
2366, 0.46
2367, 0.10
2368, 0.50
2369, 0.40
2370, 0.48
2371, 0.46
2372, 0.40
2373, 0.47
2374, 0.33
2375, 0.53
2376, 0.55
2377, 0.40
2378, 0.48
2379, 0.56
2380, 0.41
2381, 0.14
2382, 0.50
2383, 0.43
2384, 0.49
2385, 0.88
2386, 0.48
2387, 0.90
2388, 0.34
2389, 0.85
2390, 0.51
2391, 0.44
2392, 0.79
2393, 0.40
2394, 0.14
2395, 0.52
2396, 0.33
2397, 0.46
2398, 0.86
2399, 0.25
2400, 0.50
2401, 0.36
2402, 0.48
2403, 0.34
2404, 0.52
2405, 0.51
2406, 0.49
2407, 0.30
2408, 0.97
2409, 0.18
2410, 0.57
2411, 0.47
2412, 0.80
2413, 0.47
2414, 0.43
2415, 0.42
2416, 0.49
2417, 0.58
2418, 0.49
2419, 1.00
2420, 0.55
2421, 0.98
2422, 0.59
2423, 0.46
2424, 0.60
2425, 0.54
2426, 0.40
2427, 0.46
2428, 0.43
2429, 0.46
2430, 0.39
2431, 0.62
2432, 0.66
2433, 0.94
2434, 0.47
2435, 0.43
2436, 0.14
2437, 0.33
2438, 0.41
2439, 0.26
2440, 0.27
2441, 0.19
2442, 0.47
2443, 0.54
2444, 0.30
2445, 0.40
2446, 0.24
2447, 0.49
2448, 0.49
2449, 0.75
2450, 0.38
2451, 0.28
2452, 0.44
2453, 0.41
2454, 0.36
2455, 0.50
2456, 0.86
2457, 0.56
2458, 0.37
2459, 0.35
2460, 0.88
2461, 1.00
2462, 0.42
2463, 0.85
2464, 0.59
2465, 0.45
2466, 0.21
2467, 0.71
2468, 0.51
2469, 0.19
2470, 0.51
2471, 0.41
2472, 0.21
2473, 0.48
2474, 0.46
2475, 0.57
2476, 0.67
2477, 0.50
2478, 0.36
2479, 0.90
2480, 0.49
2481, 0.48
2482, 0.90
2483, 0.45
2484, 0.63
2485, 0.25
2486, 0.58
2487, 0.59
2488, 0.51
2489, 0.53
2490, 0.48
2491, 0.44
2492, 0.44
2493, 0.52
2494, 0.63
2495, 0.23
2496, 0.46
2497, 0.41
2498, 0.86
2499, 0.38
2500, 0.56
2501, 0.37
2502, 0.15
2503, 0.25
2504, 0.40
2505, 0.60
2506, 0.44
2507, 0.45
2508, 0.50
2509, 0.14
2510, 0.49
2511, 0.40
2512, 0.45
2513, 0.97
2514, 0.91
2515, 0.65
2516, 0.98
2517, 0.23
2518, 0.41
2519, 0.11
2520, 0.49
2521, 0.37
2522, 0.56
2523, 0.57
2524, 0.40
2525, 0.55
2526, 0.13
2527, 0.55
2528, 0.53
2529, 0.54
2530, 0.60
2531, 0.47
2532, 0.50
2533, 0.45
2534, 0.44
2535, 0.19
2536, 0.46
2537, 0.55
2538, 0.50
2539, 0.50
2540, 0.39
2541, 0.94
2542, 0.20
2543, 0.63
2544, 0.45
2545, 0.57
2546, 0.10
2547, 0.50
2548, 0.55
2549, 0.45
2550, 0.94
2551, 0.53
2552, 0.55
2553, 0.87
2554, 0.43
2555, 0.48
2556, 0.15
2557, 0.47
2558, 0.42
2559, 0.41
2560, 0.44
2561, 0.08
2562, 0.88
2563, 0.96
2564, 0.26
2565, 0.45
2566, 0.47
2567, 0.47
2568, 0.48
2569, 0.88
2570, 0.37
2571, 0.22
2572, 0.55
2573, 0.96
2574, 0.51
2575, 0.45
2576, 0.78
2577, 0.16
2578, 0.54
2579, 0.51
2580, 0.41
2581, 0.49
2582, 0.46
2583, 0.54
2584, 0.43
2585, 0.43
2586, 0.53
2587, 0.50
2588, 0.14
2589, 0.55
2590, 0.37
2591, 0.47
2592, 0.46
2593, 0.45
2594, 0.54
2595, 0.65
2596, 0.23
2597, 0.52
2598, 0.36
2599, 0.36
2600, 0.58
2601, 0.35
2602, 0.48
2603, 0.52
2604, 0.34
2605, 0.40
2606, 0.87
2607, 0.48
2608, 0.48
2609, 0.55
2610, 0.18
2611, 0.24
2612, 0.44
2613, 0.67
2614, 0.17
2615, 0.63
2616, 0.57
2617, 0.95
2618, 0.58
2619, 0.16
2620, 0.55
2621, 0.45
2622, 0.89
2623, 0.47
2624, 0.37
2625, 0.40
2626, 0.91
2627, 0.98
2628, 0.73
2629, 0.46
2630, 0.50
2631, 0.45
2632, 0.47
2633, 0.91
2634, 0.54
2635, 0.25
2636, 0.45
2637, 0.19
2638, 0.19
2639, 0.49
2640, 0.63
2641, 0.54
2642, 0.47
2643, 0.47
2644, 0.37
2645, 0.62
2646, 0.21
2647, 0.47
2648, 0.57
2649, 0.51
2650, 0.51
2651, 0.44
2652, 0.46
2653, 0.09
2654, 0.67
2655, 0.56
2656, 0.67
2657, 0.96
2658, 0.62
2659, 0.29
2660, 0.61
2661, 0.53
2662, 0.96
2663, 0.54
2664, 0.38
2665, 0.58
2666, 0.54
2667, 0.38
2668, 0.61
2669, 0.11
2670, 0.50
2671, 0.91
2672, 0.32
2673, 0.51
2674, 0.54
2675, 0.15
2676, 0.21
2677, 0.43
2678, 0.82
2679, 0.51
2680, 0.47
2681, 0.88
2682, 0.62
2683, 0.85
2684, 0.54
2685, 0.23
2686, 0.73
2687, 0.61
2688, 0.33
2689, 0.50
2690, 0.27
2691, 0.38
2692, 0.55
2693, 0.15
2694, 0.46
2695, 0.42
2696, 0.40
2697, 0.45
2698, 0.54
2699, 0.64
2700, 0.47
2701, 0.42
2702, 0.40
2703, 0.52
2704, 0.28
2705, 0.51
2706, 0.93
2707, 0.42
2708, 0.59
2709, 0.75
2710, 0.71
2711, 0.39
2712, 0.92
2713, 0.61
2714, 0.42
2715, 0.21
2716, 0.34
2717, 0.15
2718, 0.65
2719, 0.51
2720, 0.53
2721, 0.94
2722, 0.49
2723, 0.78
2724, 0.62
2725, 0.07
2726, 0.48
2727, 0.51
2728, 0.48
2729, 0.41
2730, 0.47
2731, 0.44
2732, 0.75
2733, 0.18
2734, 0.34
2735, 0.41
2736, 0.51
2737, 0.42
2738, 0.58
2739, 0.47
2740, 0.46
2741, 0.75
2742, 0.59
2743, 0.86
2744, 0.12
2745, 0.50
2746, 0.30
2747, 0.37
2748, 0.62
2749, 0.36
2750, 0.54
2751, 0.55
2752, 0.22
2753, 0.64
2754, 0.75
2755, 0.94
2756, 0.18
2757, 0.37
2758, 0.99
2759, 0.53
2760, 0.45
2761, 0.19
2762, 0.44
2763, 0.30
2764, 0.49
2765, 0.57
2766, 0.52
2767, 0.51
2768, 0.35
2769, 0.39
2770, 0.45
2771, 0.33
2772, 0.40
2773, 0.51
2774, 0.67
2775, 0.20
2776, 0.86
2777, 0.85
2778, 0.49
2779, 0.12
2780, 0.48
2781, 0.64
2782, 0.20
2783, 0.54
2784, 0.85
2785, 0.41
2786, 0.97
2787, 0.69
2788, 0.23
2789, 0.39
2790, 0.38
2791, 0.51
2792, 0.92
2793, 0.50
2794, 0.46
2795, 0.68
2796, 0.42
2797, 0.38
2798, 0.62
2799, 0.48
2800, 0.21
2801, 0.15
2802, 0.36
2803, 0.52
2804, 0.17
2805, 0.37
2806, 0.18
2807, 0.46
2808, 0.58
2809, 0.46
2810, 0.25
2811, 0.24
2812, 0.39
2813, 0.41
2814, 0.47
2815, 0.61
2816, 0.49
2817, 0.15
2818, 0.31
2819, 0.43
2820, 0.92
2821, 0.46
2822, 0.52
2823, 0.12
2824, 0.62
2825, 0.19
2826, 0.98
2827, 0.63
2828, 0.42
2829, 0.44
2830, 0.41
2831, 0.65
2832, 0.47
2833, 0.41
2834, 0.97
2835, 0.50
2836, 0.29
2837, 0.90
2838, 0.44
2839, 0.54
2840, 0.59
2841, 0.32
2842, 0.51
2843, 0.51
2844, 0.29
2845, 0.57
2846, 0.46
2847, 0.45
2848, 0.61
2849, 0.68
2850, 0.49
2851, 0.54
2852, 0.17
2853, 0.66
2854, 0.49
2855, 0.57
2856, 0.20
2857, 0.93
2858, 0.41
2859, 0.46
2860, 0.44
2861, 0.43
2862, 0.46
2863, 0.58
2864, 0.61
2865, 0.62
2866, 0.47
2867, 0.38
2868, 0.52
2869, 0.50
2870, 0.62
2871, 0.10
2872, 0.40
2873, 0.49
2874, 0.35
2875, 0.51
2876, 0.20
2877, 0.36
2878, 0.58
2879, 0.53
2880, 0.90
2881, 0.49
2882, 0.95
2883, 0.83
2884, 0.89
2885, 0.40
2886, 0.44
2887, 0.58
2888, 0.44
2889, 0.59
2890, 0.49
2891, 0.60
2892, 0.47
2893, 0.57
2894, 0.42
2895, 0.64
2896, 0.94
2897, 0.10
2898, 0.94
2899, 0.50
2900, 0.43
2901, 0.44
2902, 0.92
2903, 0.93
2904, 0.19
2905, 0.40
2906, 0.55
2907, 0.58
2908, 0.55
2909, 0.24
2910, 0.93
2911, 0.51
2912, 0.27
2913, 0.47
2914, 0.43
2915, 0.82
2916, 0.51
2917, 0.18
2918, 0.75
2919, 0.42
2920, 0.30
2921, 0.93
2922, 0.50
2923, 0.43
2924, 0.39
2925, 0.47
2926, 0.44
2927, 0.61
2928, 0.47
2929, 0.49
2930, 0.37
2931, 0.47
2932, 0.45
2933, 0.50
2934, 0.54
2935, 0.50
2936, 0.51
2937, 0.35
2938, 0.75
2939, 0.16
2940, 0.51
2941, 0.32
2942, 0.50
2943, 0.78
2944, 0.52
2945, 0.14
2946, 0.53
2947, 0.45
2948, 0.92
2949, 0.94
2950, 0.15
2951, 0.40
2952, 0.67
2953, 0.48
2954, 0.96
2955, 0.43
2956, 0.43
2957, 0.94
2958, 0.28
2959, 0.22
2960, 0.60
2961, 0.43
2962, 0.38
2963, 0.53
2964, 0.55
2965, 0.37
2966, 0.48
2967, 0.46
2968, 0.21
2969, 0.60
2970, 0.16
2971, 0.55
2972, 0.12
2973, 0.96
2974, 0.76
2975, 0.21
2976, 0.69
2977, 0.47
2978, 0.47
2979, 0.33
2980, 0.44
2981, 0.50
2982, 0.41
2983, 0.31
2984, 0.38
2985, 0.71
2986, 0.66
2987, 0.09
2988, 0.45
2989, 0.34
2990, 0.50
2991, 0.51
2992, 0.82
2993, 0.47
2994, 0.48
2995, 0.50
2996, 0.30
2997, 0.63
2998, 0.46
2999, 0.57
3000, 0.19
3001, 0.45
3002, 0.48
3003, 0.93
3004, 0.89
3005, 0.39
3006, 0.33
3007, 0.47
3008, 0.39
3009, 0.39
3010, 0.56
3011, 0.41
3012, 0.48
3013, 0.52
3014, 0.53
3015, 0.48
3016, 0.38
3017, 0.56
3018, 0.53
3019, 0.48
3020, 0.51
3021, 0.56
3022, 0.46
3023, 0.61
3024, 0.50
3025, 0.45
3026, 0.41
3027, 0.44
3028, 0.42
3029, 0.28
3030, 0.41
3031, 0.88
3032, 0.52
3033, 0.57
3034, 0.40
3035, 0.61
3036, 0.51
3037, 0.31
3038, 0.41
3039, 0.57
3040, 0.65
3041, 0.10
3042, 0.30
3043, 0.34
3044, 0.62
3045, 0.69
3046, 0.56
3047, 0.18
3048, 0.35
3049, 0.35
3050, 0.27
3051, 0.59
3052, 0.69
3053, 0.35
3054, 0.06
3055, 0.48
3056, 0.67
3057, 0.48
3058, 0.67
3059, 0.36
3060, 0.45
3061, 0.59
3062, 0.36
3063, 0.27
3064, 0.15
3065, 0.46
3066, 0.49
3067, 0.50
3068, 0.42
3069, 0.53
3070, 0.65
3071, 0.29
3072, 0.73
3073, 0.45
3074, 0.39
3075, 0.28
3076, 0.42
3077, 0.19
3078, 0.45
3079, 0.45
3080, 0.58
3081, 0.92
3082, 0.96
3083, 0.41
3084, 0.49
3085, 0.40
3086, 0.50
3087, 0.50
3088, 0.53
3089, 0.94
3090, 0.53
3091, 0.43
3092, 0.17
3093, 0.52
3094, 0.86
3095, 0.58
3096, 0.34
3097, 0.42
3098, 0.47
3099, 0.46
3100, 0.99
3101, 0.51
3102, 0.25
3103, 0.42
3104, 0.10
3105, 0.35
3106, 0.44
3107, 0.47
3108, 0.43
3109, 0.29
3110, 0.97
3111, 0.50
3112, 0.46
3113, 0.61
3114, 0.61
3115, 0.56
3116, 0.30
3117, 0.48
3118, 0.39
3119, 0.51
3120, 0.47
3121, 0.48
3122, 0.31
3123, 0.52
3124, 0.88
3125, 0.47
3126, 0.53
3127, 0.52
3128, 0.43
3129, 0.54
3130, 0.81
3131, 0.43
3132, 0.58
3133, 0.76
3134, 0.53
3135, 0.64
3136, 0.43
3137, 0.49
3138, 0.53
3139, 0.30
3140, 0.38
3141, 0.47
3142, 0.89
3143, 0.48
3144, 0.61
3145, 0.17
3146, 0.49
3147, 0.37
3148, 0.48
3149, 0.48
3150, 0.45
3151, 0.51
3152, 0.55
3153, 0.35
3154, 0.85
3155, 0.36
3156, 0.50
3157, 0.61
3158, 0.48
3159, 0.94
3160, 0.95
3161, 0.37
3162, 0.63
3163, 0.43
3164, 0.96
3165, 0.53
3166, 0.57
3167, 0.15
3168, 0.64
3169, 0.51
3170, 0.57
3171, 0.36
3172, 0.53
3173, 0.96
3174, 0.47
3175, 0.55
3176, 0.52
3177, 0.37
3178, 0.50
3179, 0.17
3180, 0.18
3181, 0.45
3182, 0.64
3183, 0.52
3184, 0.49
3185, 0.29
3186, 0.16
3187, 0.43
3188, 0.39
3189, 0.50
3190, 0.48
3191, 0.88
3192, 0.46
3193, 0.27
3194, 0.94
3195, 0.14
3196, 0.35
3197, 0.49
3198, 0.43
3199, 0.40
3200, 0.57
3201, 0.63
3202, 0.51
3203, 0.69
3204, 0.90
3205, 0.38
3206, 0.51
3207, 0.94
3208, 0.33
3209, 0.51
3210, 0.43
3211, 0.94
3212, 0.84
3213, 0.22
3214, 0.34
3215, 0.97
3216, 0.11
3217, 0.52
3218, 0.69
3219, 0.49
3220, 0.52
3221, 0.52
3222, 0.91
3223, 0.58
3224, 0.39
3225, 0.48
3226, 0.54
3227, 0.48
3228, 0.35
3229, 0.49
3230, 0.39
3231, 0.34
3232, 0.91
3233, 0.44
3234, 0.43
3235, 0.24
3236, 0.48
3237, 0.60
3238, 0.47
3239, 0.72
3240, 0.32
3241, 0.42
3242, 0.38
3243, 0.45
3244, 0.51
3245, 0.47
3246, 0.47
3247, 0.94
3248, 0.52
3249, 0.55
3250, 0.19
3251, 0.46
3252, 0.93
3253, 0.57
3254, 0.99
3255, 0.58
3256, 0.37
3257, 0.56
3258, 0.93
3259, 0.45
3260, 0.14
3261, 0.14
3262, 0.47
3263, 0.52
3264, 0.28
3265, 0.65
3266, 0.64
3267, 0.18
3268, 0.51
3269, 0.63
3270, 0.61
3271, 0.33
3272, 0.35
3273, 0.45
3274, 0.98
3275, 0.81
3276, 0.21
3277, 0.46
3278, 0.30
3279, 0.76
3280, 0.62
3281, 0.40
3282, 0.61
3283, 0.19
3284, 0.53
3285, 0.47
3286, 0.92
3287, 0.52
3288, 0.52
3289, 0.42
3290, 0.26
3291, 0.84
3292, 0.92
3293, 0.61
3294, 0.39
3295, 0.20
3296, 0.43
3297, 0.49
3298, 0.53
3299, 0.50
3300, 0.38
3301, 0.52
3302, 0.35
3303, 0.39
3304, 0.54
3305, 0.20
3306, 0.36
3307, 0.51
3308, 0.40
3309, 0.47
3310, 0.96
3311, 0.44
3312, 0.58
3313, 0.94
3314, 0.69
3315, 0.23
3316, 0.46
3317, 0.54
3318, 0.62
3319, 0.23
3320, 0.39
3321, 0.51
3322, 0.43
3323, 0.55
3324, 0.39
3325, 0.29
3326, 0.24
3327, 0.13
3328, 0.56
3329, 0.12
3330, 0.41
3331, 0.54
3332, 0.50
3333, 0.50
3334, 0.49
3335, 0.88
3336, 0.08
3337, 0.41
3338, 0.23
3339, 0.66
3340, 0.82
3341, 0.39
3342, 0.82
3343, 0.09
3344, 0.37
3345, 0.71
3346, 0.60
3347, 0.39
3348, 0.30
3349, 0.58
3350, 0.37
3351, 0.46
3352, 0.14
3353, 0.37
3354, 0.37
3355, 0.17
3356, 0.77
3357, 0.72
3358, 0.06
3359, 0.41
3360, 0.56
3361, 0.75
3362, 0.46
3363, 0.43
3364, 0.44
3365, 0.52
3366, 0.46
3367, 0.50
3368, 0.23
3369, 0.51
3370, 0.56
3371, 0.20
3372, 0.39
3373, 0.43
3374, 0.55
3375, 0.46
3376, 0.32
3377, 0.83
3378, 0.33
3379, 0.37
3380, 0.21
3381, 0.18
3382, 0.25
3383, 0.38
3384, 0.15
3385, 0.50
3386, 0.84
3387, 0.45
3388, 0.42
3389, 0.48
3390, 0.56
3391, 0.44
3392, 0.57
3393, 0.18
3394, 0.36
3395, 0.49
3396, 0.94
3397, 0.44
3398, 0.38
3399, 0.60
3400, 0.98
3401, 0.51
3402, 0.67
3403, 0.41
3404, 0.45
3405, 0.38
3406, 0.46
3407, 0.32
3408, 0.36
3409, 0.16
3410, 0.50
3411, 0.45
3412, 0.80
3413, 0.49
3414, 0.99
3415, 0.49
3416, 0.14
3417, 0.90
3418, 0.39
3419, 0.25
3420, 0.24
3421, 0.15
3422, 0.66
3423, 0.23
3424, 0.47
3425, 0.92
3426, 0.60
3427, 0.45
3428, 0.44
3429, 0.61
3430, 0.45
3431, 0.91
3432, 0.24
3433, 0.50
3434, 0.42
3435, 0.52
3436, 0.48
3437, 0.97
3438, 0.14
3439, 0.23
3440, 0.18
3441, 0.38
3442, 0.17
3443, 0.39
3444, 0.37
3445, 0.48
3446, 0.60
3447, 0.62
3448, 0.43
3449, 0.63
3450, 0.18
3451, 0.52
3452, 0.58
3453, 0.48
3454, 0.99
3455, 0.18
3456, 0.14
3457, 0.87
3458, 0.50
3459, 0.44
3460, 0.58
3461, 0.24
3462, 0.81
3463, 1.00
3464, 0.56
3465, 0.21
3466, 0.45
3467, 0.41
3468, 0.15
3469, 0.45
3470, 0.15
3471, 0.46
3472, 0.43
3473, 0.41
3474, 0.42
3475, 0.69
3476, 0.65
3477, 0.33
3478, 0.52
3479, 0.57
3480, 0.58
3481, 0.32
3482, 0.41
3483, 0.52
3484, 0.25
3485, 0.92
3486, 0.59
3487, 0.48
3488, 0.36
3489, 0.57
3490, 0.83
3491, 0.46
3492, 0.91
3493, 0.43
3494, 0.43
3495, 0.52
3496, 0.22
3497, 0.45
3498, 0.46
3499, 0.48
3500, 0.19
3501, 0.43
3502, 0.53
3503, 0.36
3504, 0.15
3505, 0.63
3506, 0.15
3507, 0.48
3508, 0.48
3509, 0.59
3510, 0.46
3511, 0.51
3512, 0.39
3513, 0.52
3514, 0.59
3515, 0.25
3516, 0.75
3517, 0.46
3518, 0.14
3519, 0.47
3520, 0.52
3521, 0.58
3522, 0.19
3523, 0.46
3524, 0.50
3525, 0.96
3526, 0.46
3527, 0.53
3528, 0.91
3529, 0.39
3530, 0.49
3531, 0.36
3532, 0.47
3533, 0.64
3534, 0.43
3535, 0.55
3536, 0.38
3537, 0.57
3538, 0.45
3539, 0.53
3540, 0.50
3541, 0.97
3542, 0.24
3543, 0.54
3544, 0.21
3545, 0.39
3546, 0.50
3547, 0.49
3548, 0.37
3549, 0.38
3550, 0.39
3551, 0.47
3552, 0.48
3553, 0.51
3554, 0.95
3555, 0.25
3556, 0.55
3557, 0.24
3558, 0.57
3559, 0.48
3560, 0.23
3561, 0.95
3562, 0.38
3563, 0.05
3564, 0.18
3565, 0.24
3566, 0.61
3567, 0.48
3568, 0.12
3569, 0.93
3570, 0.42
3571, 0.58
3572, 0.13
3573, 0.62
3574, 0.91
3575, 0.33
3576, 0.27
3577, 0.32
3578, 0.40
3579, 0.20
3580, 0.38
3581, 0.63
3582, 0.40
3583, 0.51
3584, 0.57
3585, 0.49
3586, 0.97
3587, 0.28
3588, 0.52
3589, 0.65
3590, 0.34
3591, 0.50
3592, 0.61
3593, 0.34
3594, 0.15
3595, 0.90
3596, 0.22
3597, 0.22
3598, 0.32
3599, 0.51
3600, 0.15
3601, 0.39
3602, 0.12
3603, 0.98
3604, 0.41
3605, 0.45
3606, 0.69
3607, 0.15
3608, 0.43
3609, 0.61
3610, 0.55
3611, 0.62
3612, 0.61
3613, 0.33
3614, 0.55
3615, 0.17
3616, 0.93
3617, 0.55
3618, 0.52
3619, 0.24
3620, 0.34
3621, 0.11
3622, 0.35
3623, 0.91
3624, 0.53
3625, 0.95
3626, 0.44
3627, 0.42
3628, 0.38
3629, 0.47
3630, 0.56
3631, 0.88
3632, 0.50
3633, 0.16
3634, 0.49
3635, 0.50
3636, 0.58
3637, 0.40
3638, 0.49
3639, 0.31
3640, 0.47
3641, 0.53
3642, 0.57
3643, 0.92
3644, 0.86
3645, 0.42
3646, 0.95
3647, 0.55
3648, 0.46
3649, 0.44
3650, 0.26
3651, 0.36
3652, 0.42
3653, 0.90
3654, 0.48
3655, 0.90
3656, 0.22
3657, 0.11
3658, 0.50
3659, 0.58
3660, 0.99
3661, 0.66
3662, 0.44
3663, 0.58
3664, 0.40
3665, 0.44
3666, 0.50
3667, 0.62
3668, 0.50
3669, 0.45
3670, 0.20
3671, 0.49
3672, 0.47
3673, 0.51
3674, 0.53
3675, 0.63
3676, 0.21
3677, 0.47
3678, 0.62
3679, 0.56
3680, 0.55
3681, 0.63
3682, 0.15
3683, 0.37
3684, 0.53
3685, 0.58
3686, 0.39
3687, 0.36
3688, 0.39
3689, 0.42
3690, 0.27
3691, 0.17
3692, 0.46
3693, 0.33
3694, 0.91
3695, 0.57
3696, 0.48
3697, 0.56
3698, 0.41
3699, 0.33
3700, 0.86
3701, 0.40
3702, 0.51
3703, 0.43
3704, 0.42
3705, 0.87
3706, 0.49
3707, 0.50
3708, 0.44
3709, 0.42
3710, 0.13
3711, 0.51
3712, 0.36
3713, 0.45
3714, 0.45
3715, 0.47
3716, 0.46
3717, 0.77
3718, 0.16
3719, 0.44
3720, 0.30
3721, 0.92
3722, 0.51
3723, 0.52
3724, 0.63
3725, 0.27
3726, 0.37
3727, 0.85
3728, 0.50
3729, 0.45
3730, 0.49
3731, 0.46
3732, 0.64
3733, 0.47
3734, 0.46
3735, 0.45
3736, 0.49
3737, 0.59
3738, 0.45
3739, 0.55
3740, 0.58
3741, 0.40
3742, 0.41
3743, 0.53
3744, 0.45
3745, 0.85
3746, 0.56
3747, 1.01
3748, 0.35
3749, 0.61
3750, 0.72
3751, 0.48
3752, 0.63
3753, 0.61
3754, 0.89
3755, 0.52
3756, 0.32
3757, 0.54
3758, 0.93
3759, 0.31
3760, 0.10
3761, 0.09
3762, 0.55
3763, 0.80
3764, 0.19
3765, 0.55
3766, 0.33
3767, 0.31
3768, 0.36
3769, 0.99
3770, 0.39
3771, 0.30
3772, 0.45
3773, 0.51
3774, 0.55
3775, 0.55
3776, 0.48
3777, 0.62
3778, 0.29
3779, 0.54
3780, 0.52
3781, 0.73
3782, 0.71
3783, 0.57
3784, 0.37
3785, 0.55
3786, 0.61
3787, 0.59
3788, 0.42
3789, 0.33
3790, 0.47
3791, 0.43
3792, 0.45
3793, 0.60
3794, 0.45
3795, 0.52
3796, 0.50
3797, 0.54
3798, 0.92
3799, 0.38
3800, 0.95
3801, 0.50
3802, 0.41
3803, 0.91
3804, 0.63
3805, 0.44
3806, 0.38
3807, 0.52
3808, 0.57
3809, 0.67
3810, 0.16
3811, 0.38
3812, 0.17
3813, 0.38
3814, 0.46
3815, 0.97
3816, 0.26
3817, 0.26
3818, 0.14
3819, 0.48
3820, 0.46
3821, 0.47
3822, 0.43
3823, 0.57
3824, 0.43
3825, 0.18
3826, 0.44
3827, 0.44
3828, 0.92
3829, 0.35
3830, 0.42
3831, 0.46
3832, 0.17
3833, 0.59
3834, 0.86
3835, 0.09
3836, 0.95
3837, 0.48
3838, 0.21
3839, 0.46
3840, 0.19
3841, 0.24
3842, 0.58
3843, 0.95
3844, 0.17
3845, 0.25
3846, 0.37
3847, 0.56
3848, 0.42
3849, 0.57
3850, 0.56
3851, 0.43
3852, 0.51
3853, 0.54
3854, 0.43
3855, 0.89
3856, 0.52
3857, 0.94
3858, 0.67
3859, 0.58
3860, 0.48
3861, 0.96
3862, 0.10
3863, 0.60
3864, 0.16
3865, 0.44
3866, 0.38
3867, 0.66
3868, 0.19
3869, 0.48
3870, 0.50
3871, 0.33
3872, 0.47
3873, 0.89
3874, 0.49
3875, 0.93
3876, 0.45
3877, 0.49
3878, 0.47
3879, 0.37
3880, 0.60
3881, 0.49
3882, 0.47
3883, 0.42
3884, 0.48
3885, 0.34
3886, 0.13
3887, 0.28
3888, 0.55
3889, 0.52
3890, 0.52
3891, 0.52
3892, 0.19
3893, 0.38
3894, 0.36
3895, 0.43
3896, 0.44
3897, 0.38
3898, 0.59
3899, 0.41
3900, 0.42
3901, 0.58
3902, 0.48
3903, 0.39
3904, 0.90
3905, 0.59
3906, 0.41
3907, 0.72
3908, 0.95
3909, 0.53
3910, 0.43
3911, 0.35
3912, 0.40
3913, 0.44
3914, 0.35
3915, 0.54
3916, 0.13
3917, 0.37
3918, 0.53
3919, 0.44
3920, 0.53
3921, 0.47
3922, 0.55
3923, 0.34
3924, 0.83
3925, 0.45
3926, 0.29
3927, 0.45
3928, 0.96
3929, 0.94
3930, 0.34
3931, 0.49
3932, 0.66
3933, 0.45
3934, 0.40
3935, 0.54
3936, 0.54
3937, 0.29
3938, 0.41
3939, 0.47
3940, 0.50
3941, 0.51
3942, 0.23
3943, 0.42
3944, 0.94
3945, 0.47
3946, 0.39
3947, 0.45
3948, 0.15
3949, 0.85
3950, 0.54
3951, 0.47
3952, 0.95
3953, 0.27
3954, 0.61
3955, 0.21
3956, 0.23
3957, 0.40
3958, 0.45
3959, 0.95
3960, 0.19
3961, 0.63
3962, 0.39
3963, 0.65
3964, 0.49
3965, 0.89
3966, 0.47
3967, 0.48
3968, 0.57
3969, 0.48
3970, 0.43
3971, 0.37
3972, 0.65
3973, 0.36
3974, 0.42
3975, 0.42
3976, 0.51
3977, 0.77
3978, 0.98
3979, 0.31
3980, 0.34
3981, 0.49
3982, 0.42
3983, 0.95
3984, 0.54
3985, 0.70
3986, 0.35
3987, 0.10
3988, 0.92
3989, 0.51
3990, 0.45
3991, 0.42
3992, 0.50
3993, 0.48
3994, 0.50
3995, 0.33
3996, 0.17
3997, 0.46
3998, 0.51
3999, 0.41
4000, 0.48
4001, 0.46
4002, 0.53
4003, 0.96
4004, 0.59
4005, 0.57
4006, 0.21
4007, 0.54
4008, 0.50
4009, 0.73
4010, 0.31
4011, 0.85
4012, 0.43
4013, 0.48
4014, 0.34
4015, 0.80
4016, 0.17
4017, 0.15
4018, 0.53
4019, 0.52
4020, 0.49
4021, 0.52
4022, 0.73
4023, 0.47
4024, 0.42
4025, 0.79
4026, 0.53
4027, 0.53
4028, 0.64
4029, 0.96
4030, 0.52
4031, 0.17
4032, 0.46
4033, 0.50
4034, 0.43
4035, 0.43
4036, 0.60
4037, 0.34
4038, 0.57
4039, 0.84
4040, 0.57
4041, 0.52
4042, 0.40
4043, 0.66
4044, 0.47
4045, 0.38
4046, 0.72
4047, 0.34
4048, 0.48
4049, 0.52
4050, 0.60
4051, 0.36
4052, 0.39
4053, 0.26
4054, 0.42
4055, 0.40
4056, 0.65
4057, 0.66
4058, 0.95
4059, 0.48
4060, 0.54
4061, 0.22
4062, 0.44
4063, 0.25
4064, 0.43
4065, 0.51
4066, 0.93
4067, 0.29
4068, 0.98
4069, 0.72
4070, 0.16
4071, 0.92
4072, 0.45
4073, 0.88
4074, 0.51
4075, 0.52
4076, 0.42
4077, 0.41
4078, 0.92
4079, 0.46
4080, 0.44
4081, 0.65
4082, 0.65
4083, 0.60
4084, 0.61
4085, 0.57
4086, 0.46
4087, 0.89
4088, 0.39
4089, 0.48
4090, 0.90
4091, 0.97
4092, 0.94
4093, 0.53
4094, 0.55
4095, 0.43
4096, 0.61
4097, 0.38
4098, 0.17
4099, 0.34
4100, 0.21
4101, 0.21
4102, 0.56
4103, 0.43
4104, 0.19
4105, 0.33
4106, 0.75
4107, 0.47
4108, 0.92
4109, 0.14
4110, 0.99
4111, 0.91
4112, 0.97
4113, 0.51
4114, 0.37
4115, 0.45
4116, 0.45
4117, 0.53
4118, 0.40
4119, 0.33
4120, 0.65
4121, 0.51
4122, 0.32
4123, 0.14
4124, 0.57
4125, 0.44
4126, 0.40
4127, 0.26
4128, 0.50
4129, 0.64
4130, 0.70
4131, 0.43
4132, 0.56
4133, 0.93
4134, 0.49
4135, 0.50
4136, 0.59
4137, 0.53
4138, 0.62
4139, 0.51
4140, 0.42
4141, 0.93
4142, 0.20
4143, 0.44
4144, 0.31
4145, 0.57
4146, 0.90
4147, 0.46
4148, 0.26
4149, 0.14
4150, 0.49
4151, 0.64
4152, 0.44
4153, 0.56
4154, 0.53
4155, 0.95
4156, 0.32
4157, 0.69
4158, 0.54
4159, 0.52
4160, 0.30
4161, 0.18
4162, 0.19
4163, 0.45
4164, 0.38
4165, 0.94
4166, 0.61
4167, 0.36
4168, 0.49
4169, 0.52
4170, 0.56
4171, 0.48
4172, 0.51
4173, 0.43
4174, 0.15
4175, 0.08
4176, 0.94
4177, 0.91
4178, 0.52
4179, 0.93
4180, 0.46
4181, 0.42
4182, 0.47
4183, 0.49
4184, 0.45
4185, 0.47
4186, 0.51
4187, 0.42
4188, 0.86
4189, 0.48
4190, 0.35
4191, 0.62
4192, 0.43
4193, 0.91
4194, 0.50
4195, 0.35
4196, 0.48
4197, 0.44
4198, 0.46
4199, 0.43
4200, 0.59
4201, 0.15
4202, 0.45
4203, 0.49
4204, 0.37
4205, 0.15
4206, 0.49
4207, 0.22
4208, 0.64
4209, 0.25
4210, 0.43
4211, 0.45
4212, 0.34
4213, 0.91
4214, 0.21
4215, 0.54
4216, 0.91
4217, 0.28
4218, 0.61
4219, 0.93
4220, 0.40
4221, 0.52
4222, 0.49
4223, 0.28
4224, 0.42
4225, 0.52
4226, 0.17
4227, 0.45
4228, 0.51
4229, 0.48
4230, 0.51
4231, 0.51
4232, 0.78
4233, 0.51
4234, 0.47
4235, 0.45
4236, 0.46
4237, 0.49
4238, 0.43
4239, 0.94
4240, 0.52
4241, 0.56
4242, 0.96
4243, 0.49
4244, 0.46
4245, 0.44
4246, 0.32
4247, 0.95
4248, 0.55
4249, 0.54
4250, 0.23
4251, 0.57
4252, 0.90
4253, 0.42
4254, 0.56
4255, 0.69
4256, 0.58
4257, 0.25
4258, 0.46
4259, 0.49
4260, 0.94
4261, 0.81
4262, 0.47
4263, 0.34
4264, 0.40
4265, 0.31
4266, 0.96
4267, 0.36
4268, 1.01
4269, 0.48
4270, 0.55
4271, 0.09
4272, 0.16
4273, 0.44
4274, 0.35
4275, 0.46
4276, 0.58
4277, 0.17
4278, 0.40
4279, 0.46
4280, 0.44
4281, 0.41
4282, 0.80
4283, 0.44
4284, 0.47
4285, 0.95
4286, 0.48
4287, 0.38
4288, 0.60
4289, 0.51
4290, 0.29
4291, 0.30
4292, 0.45
4293, 0.50
4294, 0.66
4295, 0.67
4296, 0.61
4297, 0.37
4298, 0.28
4299, 0.48
4300, 0.39
4301, 0.56
4302, 0.45
4303, 0.66
4304, 0.49
4305, 0.99
4306, 0.61
4307, 0.46
4308, 0.26
4309, 0.43
4310, 0.53
4311, 0.41
4312, 0.37
4313, 0.45
4314, 0.29
4315, 0.50
4316, 0.40
4317, 0.16
4318, 0.45
4319, 0.15
4320, 0.52
4321, 0.92
4322, 0.56
4323, 0.97
4324, 0.38
4325, 0.48
4326, 0.41
4327, 0.40
4328, 0.55
4329, 0.66
4330, 0.44
4331, 0.10
4332, 0.84
4333, 0.97
4334, 0.50
4335, 0.71
4336, 0.46
4337, 0.17
4338, 0.54
4339, 1.00
4340, 0.84
4341, 0.58
4342, 0.59
4343, 0.23
4344, 0.40
4345, 0.46
4346, 0.41
4347, 0.36
4348, 0.28
4349, 0.42
4350, 0.46
4351, 0.49
4352, 0.04
4353, 0.91
4354, 0.37
4355, 0.45
4356, 0.33
4357, 0.56
4358, 0.58
4359, 0.50
4360, 0.65
4361, 0.48
4362, 0.50
4363, 0.94
4364, 0.32
4365, 0.79
4366, 0.43
4367, 0.90
4368, 0.97
4369, 0.59
4370, 0.47
4371, 0.32
4372, 0.53
4373, 0.20
4374, 0.51
4375, 0.31
4376, 0.43
4377, 0.45
4378, 0.30
4379, 0.48
4380, 0.59
4381, 0.55
4382, 0.50
4383, 0.44
4384, 0.48
4385, 0.41
4386, 0.53
4387, 0.67
4388, 0.96
4389, 0.83
4390, 0.13
4391, 0.32
4392, 0.46
4393, 0.11
4394, 0.35
4395, 0.51
4396, 0.58
4397, 0.51
4398, 0.35
4399, 0.29
4400, 0.96
4401, 0.29
4402, 0.49
4403, 0.43
4404, 0.48
4405, 0.44
4406, 0.34
4407, 0.06
4408, 0.95
4409, 0.22
4410, 0.67
4411, 0.54
4412, 0.55
4413, 0.74
4414, 0.28
4415, 0.13
4416, 0.53
4417, 0.61
4418, 0.16
4419, 0.50
4420, 0.56
4421, 0.16
4422, 0.40
4423, 0.46
4424, 0.98
4425, 0.57
4426, 0.37
4427, 0.33
4428, 0.15
4429, 0.71
4430, 0.41
4431, 0.36
4432, 0.53
4433, 0.57
4434, 0.40
4435, 0.44
4436, 0.49
4437, 0.46
4438, 0.45
4439, 0.90
4440, 0.93
4441, 0.41
4442, 0.46
4443, 0.41
4444, 0.00
4445, 0.42
4446, 0.46
4447, 0.93
4448, 0.56
4449, 0.53
4450, 0.54
4451, 0.42
4452, 0.36
4453, 0.59
4454, 0.41
4455, 0.42
4456, 0.32
4457, 0.50
4458, 0.94
4459, 0.52
4460, 0.39
4461, 0.43
4462, 0.21
4463, 0.20
4464, 0.23
4465, 0.44
4466, 0.32
4467, 0.37
4468, 0.42
4469, 0.70
4470, 0.77
4471, 0.13
4472, 0.39
4473, 0.41
4474, 0.23
4475, 0.55
4476, 0.92
4477, 0.36
4478, 0.93
4479, 0.41
4480, 0.62
4481, 0.62
4482, 0.45
4483, 0.51
4484, 0.47
4485, 0.32
4486, 0.45
4487, 0.56
4488, 0.58
4489, 0.53
4490, 0.23
4491, 0.57
4492, 0.41
4493, 0.53
4494, 0.28
4495, 0.92
4496, 0.47
4497, 0.43
4498, 0.94
4499, 0.32
4500, 0.14
4501, 0.89
4502, 0.91
4503, 0.48
4504, 0.54
4505, 0.56
4506, 0.40
4507, 0.32
4508, 0.52
4509, 0.45
4510, 0.52
4511, 0.53
4512, 0.53
4513, 0.37
4514, 0.60
4515, 0.44
4516, 0.42
4517, 0.69
4518, 0.47
4519, 0.50
4520, 0.38
4521, 0.20
4522, 0.46
4523, 0.94
4524, 0.41
4525, 0.20
4526, 0.15
4527, 0.96
4528, 0.53
4529, 0.55
4530, 0.28
4531, 0.53
4532, 0.54
4533, 0.41
4534, 0.90
4535, 0.55
4536, 0.39
4537, 0.99
4538, 0.52
4539, 0.16
4540, 0.46
4541, 0.54
4542, 0.14
4543, 0.39
4544, 0.36
4545, 0.97
4546, 0.35
4547, 0.42
4548, 0.56
4549, 0.37
4550, 0.50
4551, 0.34
4552, 0.40
4553, 0.94
4554, 0.50
4555, 0.50
4556, 0.66
4557, 0.48
4558, 0.39
4559, 0.55
4560, 0.46
4561, 0.57
4562, 0.61
4563, 0.97
4564, 0.98
4565, 0.55
4566, 0.53
4567, 0.62
4568, 0.60
4569, 0.63
4570, 0.21
4571, 0.53
4572, 0.41
4573, 0.58
4574, 0.28
4575, 0.80
4576, 0.92
4577, 0.41
4578, 0.30
4579, 0.48
4580, 0.25
4581, 0.86
4582, 0.90
4583, 0.56
4584, 0.49
4585, 0.98
4586, 0.35
4587, 0.94
4588, 0.60
4589, 0.41
4590, 0.18
4591, 0.52
4592, 0.50
4593, 0.37
4594, 0.39
4595, 0.85
4596, 0.49
4597, 0.46
4598, 0.51
4599, 0.37
4600, 0.38
4601, 0.08
4602, 0.57
4603, 0.43
4604, 0.49
4605, 0.46
4606, 0.46
4607, 0.13
4608, 0.51
4609, 0.45
4610, 0.14
4611, 0.55
4612, 0.53
4613, 0.25
4614, 0.48
4615, 0.13
4616, 0.48
4617, 0.78
4618, 0.95
4619, 0.31
4620, 0.47
4621, 0.41
4622, 0.81
4623, 0.90
4624, 0.50
4625, 0.62
4626, 0.89
4627, 0.08
4628, 0.21
4629, 0.80
4630, 0.55
4631, 0.38
4632, 0.50
4633, 0.43
4634, 0.62
4635, 0.33
4636, 0.94
4637, 0.48
4638, 0.55
4639, 0.95
4640, 0.97
4641, 0.42
4642, 0.20
4643, 0.72
4644, 0.49
4645, 0.22
4646, 0.45
4647, 0.49
4648, 0.55
4649, 0.80
4650, 0.22
4651, 0.62
4652, 0.49
4653, 0.41
4654, 0.44
4655, 0.41
4656, 0.86
4657, 0.38
4658, 0.40
4659, 0.13
4660, 0.41
4661, 0.52
4662, 0.62
4663, 0.29
4664, 0.90
4665, 0.46
4666, 0.56
4667, 0.89
4668, 0.43
4669, 0.83
4670, 0.43
4671, 0.43
4672, 0.85
4673, 0.17
4674, 0.94
4675, 0.44
4676, 0.25
4677, 0.50
4678, 0.18
4679, 0.17
4680, 0.30
4681, 0.46
4682, 0.97
4683, 0.86
4684, 0.90
4685, 0.54
4686, 0.26
4687, 0.38
4688, 0.31
4689, 0.59
4690, 0.89
4691, 0.42
4692, 0.57
4693, 0.71
4694, 0.36
4695, 0.50
4696, 0.17
4697, 0.38
4698, 0.24
4699, 0.53
4700, 0.62
4701, 0.78
4702, 0.44
4703, 0.58
4704, 0.18
4705, 0.47
4706, 0.38
4707, 0.54
4708, 0.97
4709, 0.69
4710, 0.44
4711, 0.53
4712, 0.18
4713, 0.60
4714, 0.35
4715, 0.37
4716, 0.71
4717, 0.43
4718, 0.93
4719, 0.77
4720, 0.46
4721, 0.60
4722, 0.44
4723, 0.56
4724, 0.49
4725, 0.19
4726, 0.40
4727, 0.51
4728, 0.66
4729, 0.38
4730, 0.49
4731, 0.53
4732, 0.49
4733, 0.42
4734, 0.51
4735, 0.52
4736, 0.31
4737, 0.48
4738, 0.63
4739, 0.60
4740, 0.34
4741, 0.49
4742, 0.52
4743, 0.68
4744, 0.66
4745, 0.45
4746, 0.61
4747, 0.67
4748, 0.47
4749, 0.94
4750, 0.51
4751, 0.51
4752, 0.42
4753, 0.38
4754, 0.59
4755, 0.85
4756, 0.47
4757, 0.54
4758, 0.73
4759, 0.47
4760, 0.66
4761, 0.38
4762, 0.98
4763, 0.22
4764, 0.12
4765, 0.37
4766, 0.32
4767, 0.44
4768, 0.53
4769, 0.52
4770, 0.50
4771, 1.01
4772, 0.39
4773, 0.59
4774, 0.65
4775, 0.45
4776, 0.53
4777, 0.36
4778, 0.62
4779, 0.48
4780, 0.53
4781, 0.92
4782, 0.42
4783, 0.95
4784, 0.72
4785, 0.92
4786, 0.63
4787, 0.95
4788, 0.38
4789, 0.51
4790, 0.55
4791, 0.60
4792, 0.59
4793, 0.30
4794, 0.13
4795, 0.91
4796, 0.92
4797, 0.52
4798, 0.40
4799, 0.50
4800, 0.40
4801, 0.34
4802, 0.18
4803, 0.35
4804, 0.54
4805, 0.47
4806, 0.53
4807, 0.40
4808, 0.52
4809, 0.39
4810, 0.79
4811, 0.39
4812, 0.38
4813, 0.44
4814, 0.13
4815, 0.46
4816, 0.41
4817, 0.51
4818, 0.44
4819, 0.43
4820, 0.89
4821, 0.40
4822, 0.21
4823, 0.23
4824, 0.51
4825, 0.20
4826, 0.51
4827, 0.45
4828, 0.41
4829, 0.93
4830, 0.55
4831, 0.46
4832, 0.35
4833, 0.94
4834, 0.40
4835, 0.48
4836, 0.94
4837, 0.09
4838, 0.31
4839, 0.15
4840, 0.43
4841, 0.51
4842, 0.23
4843, 0.49
4844, 0.59
4845, 0.44
4846, 0.88
4847, 0.36
4848, 0.94
4849, 0.43
4850, 0.63
4851, 0.12
4852, 0.61
4853, 0.49
4854, 0.20
4855, 0.30
4856, 0.12
4857, 0.70
4858, 0.51
4859, 0.42
4860, 0.71
4861, 0.18
4862, 0.57
4863, 0.49
4864, 0.75
4865, 0.25
4866, 0.79
4867, 0.54
4868, 0.14
4869, 0.46
4870, 0.49
4871, 0.90
4872, 0.61
4873, 0.63
4874, 0.32
4875, 0.47
4876, 0.45
4877, 0.89
4878, 0.52
4879, 0.35
4880, 0.62
4881, 0.51
4882, 0.90
4883, 0.92
4884, 0.38
4885, 0.43
4886, 0.65
4887, 0.52
4888, 0.36
4889, 0.51
4890, 0.40
4891, 0.63
4892, 0.29
4893, 0.19
4894, 0.10
4895, 0.49
4896, 0.48
4897, 0.52
4898, 0.51
4899, 0.51
4900, 0.72
4901, 0.44
4902, 0.51
4903, 0.53
4904, 0.49
4905, 0.45
4906, 0.93
4907, 0.64
4908, 0.19
4909, 0.54
4910, 0.47
4911, 0.55
4912, 0.99
4913, 0.43
4914, 0.45
4915, 0.93
4916, 1.00
4917, 0.45
4918, 0.50
4919, 0.41
4920, 0.39
4921, 0.36
4922, 0.25
4923, 0.93
4924, 0.52
4925, 0.52
4926, 0.22
4927, 0.54
4928, 0.48
4929, 0.99
4930, 0.84
4931, 0.47
4932, 0.37
4933, 0.25
4934, 0.32
4935, 0.42
4936, 0.43
4937, 0.64
4938, 0.51
4939, 0.51
4940, 0.66
4941, 0.54
4942, 0.36
4943, 0.48
4944, 0.93
4945, 0.43
4946, 0.48
4947, 0.46
4948, 0.30
4949, 0.52
4950, 0.56
4951, 0.47
4952, 0.59
4953, 0.55
4954, 0.33
4955, 0.41
4956, 0.60
4957, 0.45
4958, 0.36
4959, 0.34
4960, 0.48
4961, 0.90
4962, 0.26
4963, 0.35
4964, 0.53
4965, 0.55
4966, 0.50
4967, 0.39
4968, 0.52
4969, 0.89
4970, 0.27
4971, 0.57
4972, 0.35
4973, 0.41
4974, 0.52
4975, 0.51
4976, 0.35
4977, 0.48
4978, 0.30
4979, 0.37
4980, 0.57
4981, 0.29
4982, 0.39
4983, 0.78
4984, 0.44
4985, 0.58
4986, 0.54
4987, 0.48
4988, 1.00
4989, 0.51
4990, 0.14
4991, 0.67
4992, 0.21
4993, 0.59
4994, 0.45
4995, 0.51
4996, 0.36
4997, 0.17
4998, 0.34
4999, 0.60
5000, 0.97
5001, 0.24
5002, 0.51
5003, 0.54
5004, 0.21
5005, 0.19
5006, 0.68
5007, 0.39
5008, 0.51
5009, 0.40
5010, 0.56
5011, 0.10
5012, 0.43
5013, 0.44
5014, 0.93
5015, 0.19
5016, 0.46
5017, 0.52
5018, 0.57
5019, 0.54
5020, 0.56
5021, 0.11
5022, 0.61
5023, 0.82
5024, 0.44
5025, 0.50
5026, 0.53
5027, 0.57
5028, 0.39
5029, 0.19
5030, 0.32
5031, 0.42
5032, 0.49
5033, 0.63
5034, 0.18
5035, 0.44
5036, 0.49
5037, 0.31
5038, 0.62
5039, 0.44
5040, 0.52
5041, 0.49
5042, 0.86
5043, 0.13
5044, 0.62
5045, 0.40
5046, 0.31
5047, 0.44
5048, 0.44
5049, 0.44
5050, 0.52
5051, 0.34
5052, 0.37
5053, 0.97
5054, 0.40
5055, 0.52
5056, 0.39
5057, 0.14
5058, 0.40
5059, 0.90
5060, 0.96
5061, 0.31
5062, 0.58
5063, 0.53
5064, 0.45
5065, 0.15
5066, 0.39
5067, 0.62
5068, 0.79
5069, 0.46
5070, 0.52
5071, 0.54
5072, 0.49
5073, 0.73
5074, 0.31
5075, 0.45
5076, 0.44
5077, 0.52
5078, 0.91
5079, 0.90
5080, 0.54
5081, 0.23
5082, 0.35
5083, 0.54
5084, 0.48
5085, 0.91
5086, 0.44
5087, 0.43
5088, 0.66
5089, 0.95
5090, 0.55
5091, 0.49
5092, 0.45
5093, 0.35
5094, 0.14
5095, 0.47
5096, 0.34
5097, 0.30
5098, 0.40
5099, 0.51
5100, 0.70
5101, 0.60
5102, 0.18
5103, 0.53
5104, 0.51
5105, 0.48
5106, 0.43
5107, 0.57
5108, 0.47
5109, 0.90
5110, 0.16
5111, 0.47
5112, 0.29
5113, 0.21
5114, 0.37
5115, 0.43
5116, 0.40
5117, 0.95
5118, 0.48
5119, 0.45
5120, 0.57
5121, 0.63
5122, 0.37
5123, 0.38
5124, 0.47
5125, 0.87
5126, 0.50
5127, 0.09
5128, 0.44
5129, 0.51
5130, 0.45
5131, 0.09
5132, 0.35
5133, 0.54
5134, 0.50
5135, 0.58
5136, 0.33
5137, 0.57
5138, 0.65
5139, 0.42
5140, 0.91
5141, 0.42
5142, 0.92
5143, 0.34
5144, 0.35
5145, 0.74
5146, 0.64
5147, 0.48
5148, 0.55
5149, 0.40
5150, 0.49
5151, 0.47
5152, 0.15
5153, 0.53
5154, 0.28
5155, 0.32
5156, 0.14
5157, 0.61
5158, 0.55
5159, 0.57
5160, 0.24
5161, 0.53
5162, 0.63
5163, 0.40
5164, 0.68
5165, 0.53
5166, 0.38
5167, 0.42
5168, 0.42
5169, 0.52
5170, 0.61
5171, 0.46
5172, 0.29
5173, 0.38
5174, 0.59
5175, 0.24
5176, 0.94
5177, 0.58
5178, 0.52
5179, 0.42
5180, 0.58
5181, 0.95
5182, 0.28
5183, 0.40
5184, 0.89
5185, 0.97
5186, 0.42
5187, 0.25
5188, 0.16
5189, 0.38
5190, 0.55
5191, 0.38
5192, 0.41
5193, 0.44
5194, 0.55
5195, 0.99
5196, 0.49
5197, 0.32
5198, 0.53
5199, 0.58
5200, 0.93
5201, 0.44
5202, 0.40
5203, 0.57
5204, 0.14
5205, 0.53
5206, 0.46
5207, 0.94
5208, 0.36
5209, 0.51
5210, 0.45
5211, 0.42
5212, 0.48
5213, 0.84
5214, 0.38
5215, 0.32
5216, 0.13
5217, 0.39
5218, 0.28
5219, 0.44
5220, 0.56
5221, 0.18
5222, 0.27
5223, 0.47
5224, 0.54
5225, 0.54
5226, 0.42
5227, 0.20
5228, 0.46
5229, 0.20
5230, 0.38
5231, 0.38
5232, 0.65
5233, 0.59
5234, 0.15
5235, 0.69
5236, 0.34
5237, 0.47
5238, 0.26
5239, 0.48
5240, 0.60
5241, 0.57
5242, 0.13
5243, 0.43
5244, 0.98
5245, 0.29
5246, 0.90
5247, 0.65
5248, 0.47
5249, 0.47
5250, 0.54
5251, 0.47
5252, 0.55
5253, 0.25
5254, 0.17
5255, 0.28
5256, 0.59
5257, 0.11
5258, 0.51
5259, 0.56
5260, 0.52
5261, 0.93
5262, 0.49
5263, 0.63
5264, 0.46
5265, 0.44
5266, 0.45
5267, 0.99
5268, 0.16
5269, 0.54
5270, 0.54
5271, 0.49
5272, 0.95
5273, 0.51
5274, 0.57
5275, 0.44
5276, 0.45
5277, 0.47
5278, 0.36
5279, 0.64
5280, 0.42
5281, 0.95
5282, 0.44
5283, 0.94
5284, 0.65
5285, 0.49
5286, 0.17
5287, 0.52
5288, 0.78
5289, 0.60
5290, 0.53
5291, 0.87
5292, 0.37
5293, 0.32
5294, 0.11
5295, 0.11
5296, 0.15
5297, 0.60
5298, 0.42
5299, 0.95
5300, 0.52
5301, 0.56
5302, 0.58
5303, 0.48
5304, 0.53
5305, 0.49
5306, 0.43
5307, 0.48
5308, 0.84
5309, 0.69
5310, 0.43
5311, 0.32
5312, 0.39
5313, 0.47
5314, 0.76
5315, 0.92
5316, 0.41
5317, 0.07
5318, 0.46
5319, 0.84
5320, 0.81
5321, 0.42
5322, 0.58
5323, 0.47
5324, 0.43
5325, 0.43
5326, 0.46
5327, 0.55
5328, 0.47
5329, 0.30
5330, 0.47
5331, 0.43
5332, 0.11
5333, 0.36
5334, 0.42
5335, 0.42
5336, 0.56
5337, 0.49
5338, 0.41
5339, 0.12
5340, 0.10
5341, 0.54
5342, 0.51
5343, 0.45
5344, 0.41
5345, 0.51
5346, 0.43
5347, 0.56
5348, 0.67
5349, 0.52
5350, 0.51
5351, 0.84
5352, 0.72
5353, 0.45
5354, 0.41
5355, 0.88
5356, 0.88
5357, 0.49
5358, 0.53
5359, 0.41
5360, 0.37
5361, 0.46
5362, 0.61
5363, 0.48
5364, 0.45
5365, 0.53
5366, 0.44
5367, 0.93
5368, 0.47
5369, 0.58
5370, 0.93
5371, 0.53
5372, 0.16
5373, 0.40
5374, 0.45
5375, 0.82
5376, 0.15
5377, 0.90
5378, 0.63
5379, 0.29
5380, 0.52
5381, 0.29
5382, 0.33
5383, 0.49
5384, 0.47
5385, 0.44
5386, 0.45
5387, 0.43
5388, 0.17
5389, 0.44
5390, 0.38
5391, 0.55
5392, 0.40
5393, 0.81
5394, 0.56
5395, 0.45
5396, 0.96
5397, 0.45
5398, 0.54
5399, 0.43
5400, 0.49
5401, 0.22
5402, 0.50
5403, 0.39
5404, 0.36
5405, 0.27
5406, 0.51
5407, 0.25
5408, 0.48
5409, 0.43
5410, 0.30
5411, 0.31
5412, 0.97
5413, 0.32
5414, 0.96
5415, 0.49
5416, 0.60
5417, 0.54
5418, 0.08
5419, 0.95
5420, 0.44
5421, 0.48
5422, 0.45
5423, 0.72
5424, 0.38
5425, 0.56
5426, 0.51
5427, 0.40
5428, 0.47
5429, 0.49
5430, 0.38
5431, 0.50
5432, 0.45
5433, 0.47
5434, 0.96
5435, 0.48
5436, 0.61
5437, 0.55
5438, 0.53
5439, 0.50
5440, 0.44
5441, 0.90
5442, 0.64
5443, 0.50
5444, 0.44
5445, 0.52
5446, 0.82
5447, 0.58
5448, 0.54
5449, 0.50
5450, 0.25
5451, 0.56
5452, 0.38
5453, 0.83
5454, 0.60
5455, 0.89
5456, 0.53
5457, 0.92
5458, 0.63
5459, 0.91
5460, 0.50
5461, 0.50
5462, 0.45
5463, 0.59
5464, 0.64
5465, 0.45
5466, 0.60
5467, 0.36
5468, 0.39
5469, 0.42
5470, 0.38
5471, 0.38
5472, 0.75
5473, 0.46
5474, 0.52
5475, 0.31
5476, 0.52
5477, 0.57
5478, 0.50
5479, 0.99
5480, 0.44
5481, 0.64
5482, 0.30
5483, 0.47
5484, 0.49
5485, 0.15
5486, 0.79
5487, 0.95
5488, 0.09
5489, 0.46
5490, 0.94
5491, 0.48
5492, 0.53
5493, 0.48
5494, 0.54
5495, 0.61
5496, 0.99
5497, 0.48
5498, 0.49
5499, 0.40
5500, 0.99
5501, 0.49
5502, 0.48
5503, 0.41
5504, 0.60
5505, 0.58
5506, 0.55
5507, 0.64
5508, 0.53
5509, 0.38
5510, 0.70
5511, 0.43
5512, 0.52
5513, 0.59
5514, 0.90
5515, 0.43
5516, 0.59
5517, 0.52
5518, 0.32
5519, 0.49
5520, 0.71
5521, 0.44
5522, 0.34
5523, 0.49
5524, 1.00
5525, 0.58
5526, 0.43
5527, 0.47
5528, 0.18
5529, 0.55
5530, 0.19
5531, 0.49
5532, 0.49
5533, 0.55
5534, 0.45
5535, 0.44
5536, 0.41
5537, 0.73
5538, 0.96
5539, 0.49
5540, 0.13
5541, 0.07
5542, 0.96
5543, 0.44
5544, 0.96
5545, 0.10
5546, 0.59
5547, 0.37
5548, 0.39
5549, 0.24
5550, 0.13
5551, 0.44
5552, 0.50
5553, 0.24
5554, 0.85
5555, 0.59
5556, 0.41
5557, 0.38
5558, 0.55
5559, 0.45
5560, 0.52
5561, 0.28
5562, 0.64
5563, 0.49
5564, 0.54
5565, 0.34
5566, 0.08
5567, 0.12
5568, 0.41
5569, 0.44
5570, 0.30
5571, 0.51
5572, 0.94
5573, 0.97
5574, 0.47
5575, 0.52
5576, 0.22
5577, 0.27
5578, 0.65
5579, 0.28
5580, 0.46
5581, 0.42
5582, 0.48
5583, 0.63
5584, 0.46
5585, 0.63
5586, 0.52
5587, 0.10
5588, 0.55
5589, 0.67
5590, 0.44
5591, 0.59
5592, 0.42
5593, 0.42
5594, 0.91
5595, 0.56
5596, 0.32
5597, 0.38
5598, 0.60
5599, 0.97
5600, 0.64
5601, 0.46
5602, 0.64
5603, 0.49
5604, 0.35
5605, 0.80
5606, 0.20
5607, 0.53
5608, 0.21
5609, 0.36
5610, 0.28
5611, 0.62
5612, 0.64
5613, 0.19
5614, 0.59
5615, 0.15
5616, 0.21
5617, 0.34
5618, 0.39
5619, 0.51
5620, 0.42
5621, 0.93
5622, 0.24
5623, 0.37
5624, 0.51
5625, 0.42
5626, 0.36
5627, 0.54
5628, 0.45
5629, 0.41
5630, 0.45
5631, 0.47
5632, 0.48
5633, 0.94
5634, 0.44
5635, 0.88
5636, 0.16
5637, 0.16
5638, 0.43
5639, 0.42
5640, 0.51
5641, 0.44
5642, 0.63
5643, 0.54
5644, 0.91
5645, 0.20
5646, 0.32
5647, 0.13
5648, 0.35
5649, 0.38
5650, 0.57
5651, 0.43
5652, 0.58
5653, 0.21
5654, 0.19
5655, 0.48
5656, 0.39
5657, 0.41
5658, 0.93
5659, 0.39
5660, 0.90
5661, 0.32
5662, 0.92
5663, 0.48
5664, 0.59
5665, 0.40
5666, 0.62
5667, 0.59
5668, 0.34
5669, 0.23
5670, 0.43
5671, 0.51
5672, 0.65
5673, 0.17
5674, 0.37
5675, 0.92
5676, 0.52
5677, 0.43
5678, 0.49
5679, 0.53
5680, 0.16
5681, 0.25
5682, 0.42
5683, 0.49
5684, 0.98
5685, 0.58
5686, 0.34
5687, 0.94
5688, 0.83
5689, 0.43
5690, 0.08
5691, 0.51
5692, 0.52
5693, 0.51
5694, 0.37
5695, 0.15
5696, 0.21
5697, 0.58
5698, 0.47
5699, 0.42
5700, 0.19
5701, 0.95
5702, 0.36
5703, 0.94
5704, 0.82
5705, 0.91
5706, 0.69
5707, 0.21
5708, 0.49
5709, 0.51
5710, 0.87
5711, 0.29
5712, 0.57
5713, 0.31
5714, 0.53
5715, 0.66
5716, 0.58
5717, 0.45
5718, 0.47
5719, 0.15
5720, 0.55
5721, 0.50
5722, 0.44
5723, 0.45
5724, 0.37
5725, 0.47
5726, 0.48
5727, 0.16
5728, 0.45
5729, 0.23
5730, 0.51
5731, 0.48
5732, 0.37
5733, 0.89
5734, 0.50
5735, 0.45
5736, 0.90
5737, 0.45
5738, 0.53
5739, 0.80
5740, 0.19
5741, 0.52
5742, 0.29
5743, 0.52
5744, 0.19
5745, 0.72
5746, 0.48
5747, 0.54
5748, 0.40
5749, 0.87
5750, 0.60
5751, 0.89
5752, 0.57
5753, 0.44
5754, 0.48
5755, 0.55
5756, 0.84
5757, 0.50
5758, 0.51
5759, 0.44
5760, 0.30
5761, 0.50
5762, 0.48
5763, 0.60
5764, 0.27
5765, 0.59
5766, 0.43
5767, 0.41
5768, 0.37
5769, 0.90
5770, 0.62
5771, 0.34
5772, 0.48
5773, 0.60
5774, 0.60
5775, 0.47
5776, 0.47
5777, 0.50
5778, 0.21
5779, 0.42
5780, 0.59
5781, 0.46
5782, 0.56
5783, 0.47
5784, 0.43
5785, 0.48
5786, 0.89
5787, 0.48
5788, 0.72
5789, 0.11
5790, 0.81
5791, 0.16
5792, 0.42
5793, 0.52
5794, 0.21
5795, 0.33
5796, 0.15
5797, 0.30
5798, 0.58
5799, 0.44
5800, 0.18
5801, 0.15
5802, 0.62
5803, 0.26
5804, 0.67
5805, 0.97
5806, 0.57
5807, 0.47
5808, 0.12
5809, 0.43
5810, 0.62
5811, 0.32
5812, 0.36
5813, 0.59
5814, 0.54
5815, 0.17
5816, 0.53
5817, 0.34
5818, 0.90
5819, 0.50
5820, 0.51
5821, 0.55
5822, 0.17
5823, 0.35
5824, 0.79
5825, 0.63
5826, 0.85
5827, 0.54
5828, 0.35
5829, 0.62
5830, 0.40
5831, 0.54
5832, 0.64
5833, 0.55
5834, 0.50
5835, 0.12
5836, 0.09
5837, 0.59
5838, 0.52
5839, 0.72
5840, 0.19
5841, 0.48
5842, 0.61
5843, 0.93
5844, 0.46
5845, 0.96
5846, 0.76
5847, 0.26
5848, 0.48
5849, 0.41
5850, 0.41
5851, 0.42
5852, 0.49
5853, 0.44
5854, 0.15
5855, 0.53
5856, 0.45
5857, 0.49
5858, 0.35
5859, 0.27
5860, 0.49
5861, 0.15
5862, 0.43
5863, 0.82
5864, 0.96
5865, 0.56
5866, 0.50
5867, 0.96
5868, 0.38
5869, 0.33
5870, 0.20
5871, 0.50
5872, 0.34
5873, 0.89
5874, 0.49
5875, 0.39
5876, 0.23
5877, 0.96
5878, 0.59
5879, 0.46
5880, 0.60
5881, 0.30
5882, 0.15
5883, 0.78
5884, 0.86
5885, 0.49
5886, 0.40
5887, 0.46
5888, 0.45
5889, 0.42
5890, 0.68
5891, 0.37
5892, 0.40
5893, 0.44
5894, 0.57
5895, 0.46
5896, 0.64
5897, 0.56
5898, 0.57
5899, 0.26
5900, 0.44
5901, 0.39
5902, 0.55
5903, 0.56
5904, 0.28
5905, 0.53
5906, 0.47
5907, 0.52
5908, 0.39
5909, 0.23
5910, 0.96
5911, 0.14
5912, 0.38
5913, 0.93
5914, 0.47
5915, 0.31
5916, 0.35
5917, 0.50
5918, 0.17
5919, 0.52
5920, 0.50
5921, 0.58
5922, 0.49
5923, 0.85
5924, 0.19
5925, 0.45
5926, 0.62
5927, 0.19
5928, 0.51
5929, 0.51
5930, 0.53
5931, 0.41
5932, 0.54
5933, 0.96
5934, 0.37
5935, 0.15
5936, 0.17
5937, 0.57
5938, 0.51
5939, 0.29
5940, 0.20
5941, 0.93
5942, 0.41
5943, 0.33
5944, 0.59
5945, 0.94
5946, 0.48
5947, 0.49
5948, 0.42
5949, 0.62
5950, 0.20
5951, 0.53
5952, 0.38
5953, 0.13
5954, 0.63
5955, 0.40
5956, 0.48
5957, 0.18
5958, 0.40
5959, 0.42
5960, 0.39
5961, 0.56
5962, 0.51
5963, 0.74
5964, 0.82
5965, 0.58
5966, 0.49
5967, 0.45
5968, 0.46
5969, 0.43
5970, 0.54
5971, 0.49
5972, 0.78
5973, 0.34
5974, 0.46
5975, 0.47
5976, 0.11
5977, 0.21
5978, 0.51
5979, 0.36
5980, 0.59
5981, 0.46
5982, 0.48
5983, 0.55
5984, 0.34
5985, 0.50
5986, 0.54
5987, 0.36
5988, 0.82
5989, 0.54
5990, 0.96
5991, 0.99
5992, 0.58
5993, 0.48
5994, 0.48
5995, 0.97
5996, 0.45
5997, 0.55
5998, 0.46
5999, 0.57
6000, 0.98
6001, 0.46
6002, 0.99
6003, 0.77
6004, 0.40
6005, 0.51
6006, 0.09
6007, 0.39
6008, 0.58
6009, 0.62
6010, 0.48
6011, 0.50
6012, 0.38
6013, 0.48
6014, 0.45
6015, 0.49
6016, 0.45
6017, 0.56
6018, 0.57
6019, 0.50
6020, 0.51
6021, 0.33
6022, 0.13
6023, 0.56
6024, 0.49
6025, 0.40
6026, 0.28
6027, 0.92
6028, 0.58
6029, 0.40
6030, 0.64
6031, 0.43
6032, 0.92
6033, 0.39
6034, 0.44
6035, 0.40
6036, 1.00
6037, 0.46
6038, 0.54
6039, 0.40
6040, 0.49
6041, 0.24
6042, 0.49
6043, 0.73
6044, 0.50
6045, 0.17
6046, 0.69
6047, 0.93
6048, 0.58
6049, 0.25
6050, 0.88
6051, 0.47
6052, 0.55
6053, 0.61
6054, 0.55
6055, 0.74
6056, 0.41
6057, 0.55
6058, 0.93
6059, 0.50
6060, 0.52
6061, 0.49
6062, 0.45
6063, 0.29
6064, 0.54
6065, 0.56
6066, 0.56
6067, 0.49
6068, 0.56
6069, 0.47
6070, 0.58
6071, 0.96
6072, 0.38
6073, 0.81
6074, 0.34
6075, 0.29
6076, 0.26
6077, 0.46
6078, 0.69
6079, 0.24
6080, 0.35
6081, 0.47
6082, 0.52
6083, 0.57
6084, 0.50
6085, 0.45
6086, 0.39
6087, 0.42
6088, 0.55
6089, 0.47
6090, 0.49
6091, 0.56
6092, 0.30
6093, 0.62
6094, 0.46
6095, 0.07
6096, 0.53
6097, 0.56
6098, 0.35
6099, 0.53
6100, 0.64
6101, 0.49
6102, 0.37
6103, 0.90
6104, 0.16
6105, 0.32
6106, 0.81
6107, 0.48
6108, 0.31
6109, 0.44
6110, 0.43
6111, 0.53
6112, 0.12
6113, 0.49
6114, 0.45
6115, 0.52
6116, 0.49
6117, 0.55
6118, 0.48
6119, 0.44
6120, 0.22
6121, 0.89
6122, 0.06
6123, 0.13
6124, 0.38
6125, 0.58
6126, 0.52
6127, 0.43
6128, 0.54
6129, 0.37
6130, 0.36
6131, 0.91
6132, 0.38
6133, 0.61
6134, 0.41
6135, 0.49
6136, 0.52
6137, 0.51
6138, 0.44
6139, 0.83
6140, 0.57
6141, 0.85
6142, 0.87
6143, 0.43
6144, 0.39
6145, 0.58
6146, 0.73
6147, 0.42
6148, 0.54
6149, 0.28
6150, 0.59
6151, 0.45
6152, 0.31
6153, 0.60
6154, 0.98
6155, 0.17
6156, 0.14
6157, 0.54
6158, 0.45
6159, 0.17
6160, 0.36
6161, 0.16
6162, 0.61
6163, 0.48
6164, 0.43
6165, 0.58
6166, 0.51
6167, 0.39
6168, 0.53
6169, 0.35
6170, 0.55
6171, 0.94
6172, 0.43
6173, 0.62
6174, 0.41
6175, 0.53
6176, 0.43
6177, 0.48
6178, 0.17
6179, 0.45
6180, 0.56
6181, 0.18
6182, 0.96
6183, 0.45
6184, 0.45
6185, 0.61
6186, 0.58
6187, 0.56
6188, 0.49
6189, 0.91
6190, 0.70
6191, 0.48
6192, 0.51
6193, 0.89
6194, 0.19
6195, 0.52
6196, 0.63
6197, 0.95
6198, 0.48
6199, 0.63
6200, 0.54
6201, 0.85
6202, 0.32
6203, 0.17
6204, 0.92
6205, 0.46
6206, 0.77
6207, 0.42
6208, 0.38
6209, 0.31
6210, 0.39
6211, 0.54
6212, 0.45
6213, 0.12
6214, 0.71
6215, 0.38
6216, 0.40
6217, 0.48
6218, 0.11
6219, 0.96
6220, 0.33
6221, 0.43
6222, 0.44
6223, 0.88
6224, 0.23
6225, 0.44
6226, 0.67
6227, 0.58
6228, 0.54
6229, 0.88
6230, 0.90
6231, 0.42
6232, 0.17
6233, 0.69
6234, 0.99
6235, 0.51
6236, 0.55
6237, 0.48
6238, 0.57
6239, 0.58
6240, 0.42
6241, 0.51
6242, 0.59
6243, 0.52
6244, 0.57
6245, 0.33
6246, 0.55
6247, 0.36
6248, 0.53
6249, 0.40
6250, 0.94
6251, 0.47
6252, 0.35
6253, 0.44
6254, 0.30
6255, 0.48
6256, 0.41
6257, 0.42
6258, 0.50
6259, 0.46
6260, 0.55
6261, 0.50
6262, 0.54
6263, 0.57
6264, 0.18
6265, 0.11
6266, 0.95
6267, 0.60
6268, 0.77
6269, 0.44
6270, 0.51
6271, 0.53
6272, 0.36
6273, 0.16
6274, 0.35
6275, 0.47
6276, 0.54
6277, 0.84
6278, 0.45
6279, 0.37
6280, 0.96
6281, 0.18
6282, 0.46
6283, 0.18
6284, 0.48
6285, 0.49
6286, 0.49
6287, 0.56
6288, 0.52
6289, 0.26
6290, 0.98
6291, 0.40
6292, 0.33
6293, 0.42
6294, 0.41
6295, 0.71
6296, 1.07
6297, 0.42
6298, 0.27
6299, 0.86
6300, 0.53
6301, 0.45
6302, 0.33
6303, 0.29
6304, 0.97
6305, 0.52
6306, 0.65
6307, 0.63
6308, 0.36
6309, 0.33
6310, 0.48
6311, 0.28
6312, 0.06
6313, 0.53
6314, 0.31
6315, 0.43
6316, 0.78
6317, 0.53
6318, 0.41
6319, 0.36
6320, 0.71
6321, 0.53
6322, 0.49
6323, 0.44
6324, 0.97
6325, 0.47
6326, 0.13
6327, 0.50
6328, 0.06
6329, 0.43
6330, 0.72
6331, 0.40
6332, 0.50
6333, 0.50
6334, 0.79
6335, 0.75
6336, 0.58
6337, 0.46
6338, 0.44
6339, 0.44
6340, 0.10
6341, 0.52
6342, 0.34
6343, 0.38
6344, 0.98
6345, 0.33
6346, 0.92
6347, 0.51
6348, 0.94
6349, 0.49
6350, 0.37
6351, 0.50
6352, 0.85
6353, 0.45
6354, 0.50
6355, 0.60
6356, 0.31
6357, 0.77
6358, 0.38
6359, 0.62
6360, 0.94
6361, 0.20
6362, 0.68
6363, 0.94
6364, 0.40
6365, 0.47
6366, 0.10
6367, 0.48
6368, 0.22
6369, 0.98
6370, 0.44
6371, 0.52
6372, 0.14
6373, 0.52
6374, 0.46
6375, 0.19
6376, 0.84
6377, 0.49
6378, 0.94
6379, 0.59
6380, 0.26
6381, 0.54
6382, 0.44
6383, 0.54
6384, 0.41
6385, 0.46
6386, 0.42
6387, 0.14
6388, 0.51
6389, 0.54
6390, 0.58
6391, 0.51
6392, 0.38
6393, 0.61
6394, 0.36
6395, 0.35
6396, 0.94
6397, 0.08
6398, 0.59
6399, 0.40
6400, 0.45
6401, 0.49
6402, 0.15
6403, 0.50
6404, 0.78
6405, 0.41
6406, 0.49
6407, 0.66
6408, 0.49
6409, 0.55
6410, 0.42
6411, 0.45
6412, 0.50
6413, 0.27
6414, 0.49
6415, 0.58
6416, 0.38
6417, 0.18
6418, 0.19
6419, 0.55
6420, 0.69
6421, 0.91
6422, 0.15
6423, 0.16
6424, 0.38
6425, 0.54
6426, 0.88
6427, 0.52
6428, 0.52
6429, 0.60
6430, 0.94
6431, 0.21
6432, 0.43
6433, 0.23
6434, 0.46
6435, 0.30
6436, 0.13
6437, 0.54
6438, 0.55
6439, 0.38
6440, 0.36
6441, 0.49
6442, 0.41
6443, 0.39
6444, 0.27
6445, 0.26
6446, 0.46
6447, 0.49
6448, 0.81
6449, 0.61
6450, 0.21
6451, 0.39
6452, 0.48
6453, 0.66
6454, 0.57
6455, 0.40
6456, 0.86
6457, 0.37
6458, 0.39
6459, 0.53
6460, 0.20
6461, 0.60
6462, 0.33
6463, 0.31
6464, 0.68
6465, 0.28
6466, 0.37
6467, 0.44
6468, 0.94
6469, 0.49
6470, 0.40
6471, 0.64
6472, 0.44
6473, 0.34
6474, 0.49
6475, 0.54
6476, 0.96
6477, 0.52
6478, 0.27
6479, 0.36
6480, 0.37
6481, 0.44
6482, 0.41
6483, 0.44
6484, 0.63
6485, 0.41
6486, 0.19
6487, 0.52
6488, 0.85
6489, 0.24
6490, 0.45
6491, 0.39
6492, 0.18
6493, 0.60
6494, 0.43
6495, 0.44
6496, 0.61
6497, 0.53
6498, 0.18
6499, 0.53
6500, 0.47
6501, 0.55
6502, 0.47
6503, 0.32
6504, 0.17
6505, 0.39
6506, 0.50
6507, 0.56
6508, 0.48
6509, 0.59
6510, 0.49
6511, 0.68
6512, 0.96
6513, 0.43
6514, 0.47
6515, 0.49
6516, 0.56
6517, 0.49
6518, 0.43
6519, 0.42
6520, 0.23
6521, 0.60
6522, 0.63
6523, 0.44
6524, 0.41
6525, 0.42
6526, 0.54
6527, 0.67
6528, 0.90
6529, 0.49
6530, 0.94
6531, 0.51
6532, 0.17
6533, 0.37
6534, 0.72
6535, 0.15
6536, 0.93
6537, 0.46
6538, 0.43
6539, 0.60
6540, 0.53
6541, 0.57
6542, 0.32
6543, 0.91
6544, 0.47
6545, 0.46
6546, 0.44
6547, 0.41
6548, 0.53
6549, 0.79
6550, 0.42
6551, 0.52
6552, 0.12
6553, 0.71
6554, 0.40
6555, 0.59
6556, 0.43
6557, 0.46
6558, 0.65
6559, 0.52
6560, 0.29
6561, 0.53
6562, 0.49
6563, 0.50
6564, 0.27
6565, 0.47
6566, 0.17
6567, 0.92
6568, 0.55
6569, 0.13
6570, 0.47
6571, 0.52
6572, 0.57
6573, 0.47
6574, 0.93
6575, 0.36
6576, 0.21
6577, 0.46
6578, 0.55
6579, 0.32
6580, 0.48
6581, 0.45
6582, 0.47
6583, 0.71
6584, 0.46
6585, 0.43
6586, 0.55
6587, 0.16
6588, 0.41
6589, 0.26
6590, 0.43
6591, 0.37
6592, 0.97
6593, 0.40
6594, 0.34
6595, 0.68
6596, 0.50
6597, 0.54
6598, 0.48
6599, 0.36
6600, 0.50
6601, 0.46
6602, 0.62
6603, 0.41
6604, 0.57
6605, 0.21
6606, 0.59
6607, 0.43
6608, 0.45
6609, 0.48
6610, 0.23
6611, 0.19
6612, 0.21
6613, 0.58
6614, 0.52
6615, 0.62
6616, 0.12
6617, 0.95
6618, 0.12
6619, 0.62
6620, 0.38
6621, 0.12
6622, 0.49
6623, 0.41
6624, 0.48
6625, 0.42
6626, 0.57
6627, 0.46
6628, 0.61
6629, 0.61
6630, 0.92
6631, 0.47
6632, 0.58
6633, 0.57
6634, 0.47
6635, 0.86
6636, 0.33
6637, 0.90
6638, 0.39
6639, 0.97
6640, 0.57
6641, 0.86
6642, 0.28
6643, 0.17
6644, 0.43
6645, 0.47
6646, 0.18
6647, 0.42
6648, 0.24
6649, 0.19
6650, 0.31
6651, 0.70
6652, 0.54
6653, 0.54
6654, 0.52
6655, 0.44
6656, 0.36
6657, 0.65
6658, 0.51
6659, 0.50
6660, 0.91
6661, 0.45
6662, 0.46
6663, 0.44
6664, 0.50
6665, 0.59
6666, 0.51
6667, 0.50
6668, 0.70
6669, 0.52
6670, 0.60
6671, 0.93
6672, 0.44
6673, 0.13
6674, 0.58
6675, 0.26
6676, 0.71
6677, 0.40
6678, 0.67
6679, 0.50
6680, 0.15
6681, 0.66
6682, 0.63
6683, 0.42
6684, 0.49
6685, 0.43
6686, 0.41
6687, 0.57
6688, 0.61
6689, 0.97
6690, 0.49
6691, 0.44
6692, 0.81
6693, 0.54
6694, 0.38
6695, 0.16
6696, 0.90
6697, 0.30
6698, 0.40
6699, 0.45
6700, 0.55
6701, 0.54
6702, 0.20
6703, 0.24
6704, 0.57
6705, 0.39
6706, 0.53
6707, 0.50
6708, 0.52
6709, 0.52
6710, 0.09
6711, 0.63
6712, 0.58
6713, 0.45
6714, 0.15
6715, 0.54
6716, 0.47
6717, 0.25
6718, 0.45
6719, 0.41
6720, 0.36
6721, 0.62
6722, 0.53
6723, 0.94
6724, 0.43
6725, 0.38
6726, 0.45
6727, 0.45
6728, 0.18
6729, 1.00
6730, 0.65
6731, 0.47
6732, 0.95
6733, 0.46
6734, 0.57
6735, 0.48
6736, 0.44
6737, 0.48
6738, 0.54
6739, 0.47
6740, 0.58
6741, 0.56
6742, 0.33
6743, 0.14
6744, 0.93
6745, 0.83
6746, 0.57
6747, 0.30
6748, 0.48
6749, 0.87
6750, 0.43
6751, 0.10
6752, 0.50
6753, 0.41
6754, 0.46
6755, 0.24
6756, 0.46
6757, 0.67
6758, 0.48
6759, 0.35
6760, 0.60
6761, 0.17
6762, 0.04
6763, 0.63
6764, 0.43
6765, 0.17
6766, 0.49
6767, 0.55
6768, 0.46
6769, 0.47
6770, 0.92
6771, 0.50
6772, 0.79
6773, 0.16
6774, 0.61
6775, 0.70
6776, 0.55
6777, 0.62
6778, 0.36
6779, 0.43
6780, 0.57
6781, 0.94
6782, 0.43
6783, 0.56
6784, 0.82
6785, 0.43
6786, 0.47
6787, 0.58
6788, 0.53
6789, 0.96
6790, 0.33
6791, 0.57
6792, 0.97
6793, 0.34
6794, 0.40
6795, 0.75
6796, 0.96
6797, 0.45
6798, 0.99
6799, 0.15
6800, 0.94
6801, 0.96
6802, 0.57
6803, 0.57
6804, 0.05
6805, 0.85
6806, 0.62
6807, 0.50
6808, 0.16
6809, 0.17
6810, 0.09
6811, 0.63
6812, 0.45
6813, 0.41
6814, 0.36
6815, 0.47
6816, 0.50
6817, 0.52
6818, 0.46
6819, 0.78
6820, 0.39
6821, 0.79
6822, 0.42
6823, 0.47
6824, 0.29
6825, 0.63
6826, 0.61
6827, 0.16
6828, 0.28
6829, 0.49
6830, 0.28
6831, 0.96
6832, 0.21
6833, 0.83
6834, 0.47
6835, 0.36
6836, 0.38
6837, 0.19
6838, 0.51
6839, 0.48
6840, 0.17
6841, 0.44
6842, 0.49
6843, 0.69
6844, 0.31
6845, 0.39
6846, 0.50
6847, 0.96
6848, 0.41
6849, 0.50
6850, 0.49
6851, 0.25
6852, 0.42
6853, 0.38
6854, 0.67
6855, 0.40
6856, 0.51
6857, 0.45
6858, 0.60
6859, 0.43
6860, 0.51
6861, 0.97
6862, 0.99
6863, 0.55
6864, 0.52
6865, 0.16
6866, 0.61
6867, 0.64
6868, 0.60
6869, 0.61
6870, 0.54
6871, 0.37
6872, 0.42
6873, 0.86
6874, 0.50
6875, 0.52
6876, 0.42
6877, 0.38
6878, 0.20
6879, 0.44
6880, 0.47
6881, 0.55
6882, 0.52
6883, 0.56
6884, 0.72
6885, 0.43
6886, 0.42
6887, 0.47
6888, 0.57
6889, 0.16
6890, 0.81
6891, 0.56
6892, 0.98
6893, 0.55
6894, 0.89
6895, 0.91
6896, 0.34
6897, 0.84
6898, 0.55
6899, 0.52
6900, 0.95
6901, 0.49
6902, 0.45
6903, 0.20
6904, 0.43
6905, 0.51
6906, 0.20
6907, 0.36
6908, 0.45
6909, 0.24
6910, 0.45
6911, 0.85
6912, 0.49
6913, 0.44
6914, 0.41
6915, 0.25
6916, 0.40
6917, 0.50
6918, 0.45
6919, 0.49
6920, 0.49
6921, 0.51
6922, 0.55
6923, 0.13
6924, 0.55
6925, 0.39
6926, 0.56
6927, 0.35
6928, 0.53
6929, 0.38
6930, 0.30
6931, 0.69
6932, 0.94
6933, 0.57
6934, 0.47
6935, 0.58
6936, 1.02
6937, 0.55
6938, 0.51
6939, 0.23
6940, 0.98
6941, 0.47
6942, 0.41
6943, 0.42
6944, 0.42
6945, 0.51
6946, 0.40
6947, 0.68
6948, 0.17
6949, 1.01
6950, 0.54
6951, 0.58
6952, 0.65
6953, 0.37
6954, 0.46
6955, 0.52
6956, 0.20
6957, 0.27
6958, 0.17
6959, 0.55
6960, 0.20
6961, 1.02
6962, 0.19
6963, 0.48
6964, 0.57
6965, 0.98
6966, 0.51
6967, 0.46
6968, 0.50
6969, 0.34
6970, 0.19
6971, 0.25
6972, 0.49
6973, 0.51
6974, 0.65
6975, 0.42
6976, 0.45
6977, 0.16
6978, 0.42
6979, 0.37
6980, 0.64
6981, 0.11
6982, 0.44
6983, 0.55
6984, 0.44
6985, 0.14
6986, 0.57
6987, 0.59
6988, 0.48
6989, 0.70
6990, 0.52
6991, 0.47
6992, 0.32
6993, 0.54
6994, 0.56
6995, 0.88
6996, 0.52
6997, 0.97
6998, 0.52
6999, 0.42
7000, 0.51
7001, 0.81
7002, 0.63
7003, 0.54
7004, 0.90
7005, 0.69
7006, 0.45
7007, 0.41
7008, 0.55
7009, 0.53
7010, 0.52
7011, 0.36
7012, 0.22
7013, 0.64
7014, 0.60
7015, 0.56
7016, 0.41
7017, 0.32
7018, 0.15
7019, 0.48
7020, 0.56
7021, 0.44
7022, 0.17
7023, 0.66
7024, 0.58
7025, 0.38
7026, 0.64
7027, 0.13
7028, 0.41
7029, 0.48
7030, 0.42
7031, 0.58
7032, 0.51
7033, 0.17
7034, 0.82
7035, 0.72
7036, 0.78
7037, 0.14
7038, 0.55
7039, 0.57
7040, 0.43
7041, 0.48
7042, 0.44
7043, 0.34
7044, 0.42
7045, 0.48
7046, 0.47
7047, 0.40
7048, 0.59
7049, 0.61
7050, 0.58
7051, 0.47
7052, 0.43
7053, 0.35
7054, 0.63
7055, 0.46
7056, 0.43
7057, 0.38
7058, 0.51
7059, 0.18
7060, 0.42
7061, 0.19
7062, 0.59
7063, 0.44
7064, 0.32
7065, 0.91
7066, 0.48
7067, 0.39
7068, 0.36
7069, 0.51
7070, 0.51
7071, 0.56
7072, 0.89
7073, 0.16
7074, 0.40
7075, 0.16
7076, 0.51
7077, 0.14
7078, 0.37
7079, 0.99
7080, 0.94
7081, 0.57
7082, 0.10
7083, 0.26
7084, 0.46
7085, 0.45
7086, 0.41
7087, 0.92
7088, 0.45
7089, 0.48
7090, 0.39
7091, 0.58
7092, 0.54
7093, 0.42
7094, 0.14
7095, 0.55
7096, 0.53
7097, 0.36
7098, 0.49
7099, 0.47
7100, 0.55
7101, 0.43
7102, 0.61
7103, 0.39
7104, 0.55
7105, 0.63
7106, 0.89
7107, 0.32
7108, 0.45
7109, 0.55
7110, 0.17
7111, 0.51
7112, 0.33
7113, 0.62
7114, 0.43
7115, 0.35
7116, 0.55
7117, 0.19
7118, 0.54
7119, 0.70
7120, 0.44
7121, 0.37
7122, 0.40
7123, 0.96
7124, 0.46
7125, 0.39
7126, 0.34
7127, 0.44
7128, 0.44
7129, 0.51
7130, 0.85
7131, 0.62
7132, 0.45
7133, 0.13
7134, 0.22
7135, 0.58
7136, 0.47
7137, 0.20
7138, 0.58
7139, 0.54
7140, 0.19
7141, 0.45
7142, 0.19
7143, 0.36
7144, 0.39
7145, 0.84
7146, 0.37
7147, 0.43
7148, 0.48
7149, 0.83
7150, 0.51
7151, 0.47
7152, 0.32
7153, 0.42
7154, 0.56
7155, 0.83
7156, 0.40
7157, 0.79
7158, 0.56
7159, 0.54
7160, 0.37
7161, 0.15
7162, 0.18
7163, 0.41
7164, 0.67
7165, 0.63
7166, 0.95
7167, 0.37
7168, 0.34
7169, 0.33
7170, 0.76
7171, 0.26
7172, 0.45
7173, 0.34
7174, 0.46
7175, 0.40
7176, 0.61
7177, 0.48
7178, 0.35
7179, 0.96
7180, 0.88
7181, 0.96
7182, 0.18
7183, 0.98
7184, 0.64
7185, 0.53
7186, 0.17
7187, 0.40
7188, 0.43
7189, 0.28
7190, 0.59
7191, 0.47
7192, 0.92
7193, 0.45
7194, 0.56
7195, 0.61
7196, 0.52
7197, 0.24
7198, 0.43
7199, 0.22
7200, 0.94
7201, 0.53
7202, 0.49
7203, 0.34
7204, 0.14
7205, 0.50
7206, 0.34
7207, 0.41
7208, 0.65
7209, 0.44
7210, 0.42
7211, 0.45
7212, 0.33
7213, 0.57
7214, 0.46
7215, 0.18
7216, 0.95
7217, 0.94
7218, 0.62
7219, 0.51
7220, 0.52
7221, 0.60
7222, 0.89
7223, 0.33
7224, 0.47
7225, 0.98
7226, 0.44
7227, 0.41
7228, 0.42
7229, 0.27
7230, 0.38
7231, 0.53
7232, 0.30
7233, 0.47
7234, 0.50
7235, 0.12
7236, 0.58
7237, 0.50
7238, 0.40
7239, 0.42
7240, 0.38
7241, 0.50
7242, 0.46
7243, 0.48
7244, 0.56
7245, 0.34
7246, 0.33
7247, 0.28
7248, 0.34
7249, 0.48
7250, 0.48
7251, 0.60
7252, 0.70
7253, 0.54
7254, 0.40
7255, 0.94
7256, 0.43
7257, 0.45
7258, 0.87
7259, 0.46
7260, 0.38
7261, 0.34
7262, 0.86
7263, 0.57
7264, 0.41
7265, 0.29
7266, 0.34
7267, 0.94
7268, 0.50
7269, 0.79
7270, 0.38
7271, 0.43
7272, 0.38
7273, 0.44
7274, 0.81
7275, 0.80
7276, 0.56
7277, 0.46
7278, 0.56
7279, 0.40
7280, 0.51
7281, 0.44
7282, 0.41
7283, 0.43
7284, 0.48
7285, 0.66
7286, 0.49
7287, 0.62
7288, 0.51
7289, 0.51
7290, 0.46
7291, 0.70
7292, 0.42
7293, 0.62
7294, 0.35
7295, 0.18
7296, 0.86
7297, 0.63
7298, 0.95
7299, 0.55
7300, 0.47
7301, 0.42
7302, 0.53
7303, 0.41
7304, 0.11
7305, 0.70
7306, 0.51
7307, 0.43
7308, 0.31
7309, 0.39
7310, 0.58
7311, 0.38
7312, 0.50
7313, 0.42
7314, 0.42
7315, 0.44
7316, 0.40
7317, 0.53
7318, 0.29
7319, 0.54
7320, 0.39
7321, 0.57
7322, 0.78
7323, 0.25
7324, 0.90
7325, 0.56
7326, 0.44
7327, 0.61
7328, 0.46
7329, 0.50
7330, 0.42
7331, 0.54
7332, 0.37
7333, 0.52
7334, 0.66
7335, 0.48
7336, 0.40
7337, 0.46
7338, 0.42
7339, 0.49
7340, 0.39
7341, 0.47
7342, 0.86
7343, 0.63
7344, 0.38
7345, 0.18
7346, 0.45
7347, 0.90
7348, 0.30
7349, 1.00
7350, 0.25
7351, 0.83
7352, 0.53
7353, 0.40
7354, 0.92
7355, 0.96
7356, 0.45
7357, 0.42
7358, 0.38
7359, 0.53
7360, 0.50
7361, 0.67
7362, 0.94
7363, 0.44
7364, 0.50
7365, 0.50
7366, 0.46
7367, 0.85
7368, 0.47
7369, 0.54
7370, 0.47
7371, 0.43
7372, 0.30
7373, 0.96
7374, 0.46
7375, 0.55
7376, 0.97
7377, 0.19
7378, 0.57
7379, 0.47
7380, 0.60
7381, 0.46
7382, 0.26
7383, 0.77
7384, 0.62
7385, 0.14
7386, 0.50
7387, 0.45
7388, 0.49
7389, 0.92
7390, 0.60
7391, 0.55
7392, 0.37
7393, 0.46
7394, 0.96
7395, 0.63
7396, 0.49
7397, 0.56
7398, 0.36
7399, 0.26
7400, 0.48
7401, 0.95
7402, 0.56
7403, 0.35
7404, 0.48
7405, 0.48
7406, 0.18
7407, 0.52
7408, 0.40
7409, 0.13
7410, 0.38
7411, 0.14
7412, 0.48
7413, 0.14
7414, 0.79
7415, 0.59
7416, 0.09
7417, 0.93
7418, 0.22
7419, 0.45
7420, 1.06
7421, 0.48
